
0 0.18 0.1226
100 0.88 0.8936
200 0.92 0.9256
300 0.96 0.9376
400 0.88 0.9438
500 0.96 0.9552
600 0.96 0.9608
700 0.98 0.9592
800 1 0.9632
900 0.92 0.9686
1000 0.92 0.9708
1100 0.98 0.9704
1200 0.96 0.9734
1300 0.98 0.9732
1400 0.96 0.9754
1500 0.96 0.9742
1600 0.98 0.9776
1700 0.98 0.9788
1800 1 0.9776
1900 0.96 0.9792
2000 1 0.98
2100 1 0.9796
2200 0.94 0.9798
2300 1 0.981
2400 0.98 0.982
2500 1 0.981
2600 1 0.984
2700 1 0.9846
2800 0.96 0.9844
2900 0.98 0.9802

0 0.06 0.1008

0 0.08 nan
100 0.82 nan


0 0.08 0.084

0 0.08 0.1166

0 0.16 0.1296
100 0.9 0.9014
200 0.86 0.93

0 0.08 0.0908
100 0.96 0.9188
200 0.84 0.9378
300 0.88 0.9526
400 0.98 0.9604
500 0.96 0.9678
600 0.94 0.9688
700 0.96 0.97
800 1 0.9738
900 1 0.9722
1000 0.98 0.9768
1100 1 0.9774
1200 0.96 0.9774
1300 0.98 0.9794
1400 1 0.9806
1500 0.98 0.9798
1600 0.94 0.9794
1700 0.98 0.9806
1800 1 0.9798
1900 0.98 0.9842
2000 1 0.9812
2100 0.96 0.9808
2200 1 0.9844
2300 1 0.9832
2400 0.98 0.9846
2500 0.96 0.9834
2600 1 0.985
2700 1 0.9828
2800 0.98 0.985
2900 1 0.9848
3000 1 0.9858
3100 0.96 0.9858
3200 0.98 0.9842
3300 1 0.9848
3400 1 0.986
3500 1 0.9856
3600 1 0.9872
3700 1 0.9854
3800 1 0.986
3900 1 0.9866
4000 1 0.9866
4100 1 0.9872
4200 1 0.9866
4300 1 0.984
4400 1 0.9858
4500 1 0.986
4600 0.98 0.9858
4700 1 0.986
4800 1 0.9864
4900 1 0.9852
5000 0.96 0.9864
5100 1 0.9884
5200 1 0.9866
5300 0.98 0.9856
5400 1 0.9876
5500 1 0.9864
5600 1 0.9858
5700 1 0.9872
5800 1 0.9872
5900 1 0.9864
6000 1 0.9878
6100 0.96 0.9872
6200 1 0.9844
6300 0.98 0.9872
6400 0.98 0.9844
6500 0.96 0.9876
6600 1 0.9876
6700 1 0.9882
6800 0.98 0.9874
6900 0.98 0.988
7000 1 0.9868
7100 1 0.9846
7200 1 0.9876
7300 1 0.9864
7400 0.98 0.9888
7500 1 0.9878
7600 1 0.9894
7700 1 0.9892
7800 1 0.9892
7900 1 0.9892
8000 1 0.9878
8100 1 0.9886
8200 1 0.9884
8300 1 0.988
8400 1 0.9896
8500 1 0.9866
8600 1 0.9884
8700 1 0.9886
8800 1 0.9882
8900 1 0.989
9000 1 0.9872
9100 1 0.988
9200 1 0.988
9300 1 0.988
9400 1 0.9884
9500 1 0.9894
9600 0.98 0.9862
9700 1 0.9888
9800 1 0.9876
9900 1 0.988
10000 1 0.988
10100 1 0.9888
10200 1 0.9884
10300 1 0.9886
10400 1 0.9886
10500 1 0.9888
10600 1 0.9896
10700 0.98 0.989
10800 1 0.9896
10900 1 0.9894
11000 1 0.9886
11100 1 0.9892
11200 0.98 0.9908
11300 1 0.9902
11400 1 0.9882
11500 1 0.9892
11600 1 0.9902
11700 1 0.9896
11800 1 0.9896
11900 1 0.9908
12000 1 0.9894
12100 1 0.9892
12200 1 0.9876
12300 1 0.9874
12400 1 0.9906
12500 1 0.9904
12600 1 0.9904
12700 1 0.9912
12800 1 0.9898
12900 1 0.99
13000 1 0.9892
13100 1 0.9876
13200 1 0.9876
13300 1 0.9902
13400 0.98 0.9884
13500 0.98 0.9872
13600 1 0.9884
13700 1 0.9886
13800 1 0.9888
13900 0.98 0.99
14000 0.98 0.9904
14100 1 0.9904
14200 1 0.99
14300 1 0.9908
14400 1 0.9912
14500 1 0.99
14600 1 0.9896
14700 1 0.9892
14800 1 0.991
14900 1 0.9894
15000 1 0.9878
15100 1 0.9872
15200 1 0.9884
15300 1 0.9888
15400 1 0.9882
15500 1 0.9888
15600 1 0.9896
15700 1 0.9904
15800 1 0.9898
15900 1 0.9894
16000 1 0.9892
16100 1 0.9912
16200 1 0.991
16300 1 0.9892
16400 1 0.989
16500 1 0.9852
16600 1 0.9886
16700 1 0.9902
16800 1 0.9902
16900 1 0.989
17000 1 0.9886
17100 1 0.9902
17200 1 0.9896
17300 1 0.9908
17400 1 0.9906
17500 1 0.989
17600 1 0.989
17700 1 0.9904
17800 1 0.9908
17900 1 0.9892
18000 1 0.991
18100 1 0.9906
18200 1 0.9892
18300 1 0.9922
18400 1 0.9926
18500 1 0.9906
18600 1 0.9898
18700 1 0.9896
18800 1 0.99
18900 1 0.9912
19000 1 0.9914
19100 1 0.9902
19200 1 0.9904
19300 1 0.9908
19400 1 0.9892
19500 1 0.9884
19600 1 0.9896
19700 1 0.9896
19800 1 0.9904
19900 1 0.9916
20000 1 0.9922
20100 1 0.9906
20200 1 0.9906
20300 1 0.989
20400 1 0.9898
20500 1 0.9916
20600 1 0.99
20700 1 0.9906
20800 1 0.99
20900 1 0.9898
21000 1 0.9906
21100 1 0.9896
21200 1 0.9912
21300 1 0.9892
21400 1 0.99
21500 1 0.99
21600 1 0.9906
21700 1 0.991
21800 1 0.9902
21900 1 0.9912
22000 1 0.9912
22100 1 0.9914
22200 1 0.9914
22300 1 0.992
22400 1 0.9898
22500 1 0.9912
22600 1 0.9904
22700 1 0.9918
22800 1 0.9904
22900 1 0.9894
23000 1 0.9886
23100 1 0.9898
23200 1 0.9904
23300 1 0.9908
23400 1 0.99
23500 1 0.99
23600 1 0.9914
23700 1 0.9906
23800 1 0.9916
23900 1 0.989
24000 1 0.9914
24100 1 0.989
24200 1 0.9902
24300 1 0.988
24400 1 0.99
24500 1 0.9906
24600 1 0.9874
24700 1 0.991
24800 1 0.9908
24900 1 0.9892
25000 1 0.9898
25100 1 0.99
25200 1 0.9888
25300 1 0.9906
25400 1 0.9902
25500 1 0.9916
25600 1 0.9912
25700 1 0.9912
25800 1 0.9896
25900 1 0.9906
26000 1 0.99
26100 1 0.989
26200 1 0.9894
26300 1 0.9886
26400 1 0.9896
26500 1 0.991
26600 1 0.99
26700 1 0.9912
26800 1 0.9908
26900 1 0.99
27000 1 0.9892
27100 1 0.9906
27200 1 0.9898
27300 1 0.9916
27400 1 0.9906
27500 1 0.9888
27600 1 0.99
27700 1 0.9908
27800 1 0.989
27900 1 0.9904
28000 1 0.9904
28100 1 0.9908
28200 1 0.9904
28300 1 0.992
28400 1 0.9902
28500 1 0.9896
28600 1 0.99
28700 1 0.9904
28800 1 0.9904
28900 1 0.9896
29000 1 0.9902
29100 1 0.9898
29200 1 0.99
29300 1 0.9906
29400 1 0.9904
29500 1 0.9892
29600 1 0.9908
29700 1 0.9904
29800 1 0.9896
29900 1 0.9886
30000 1 0.9902
30100 1 0.9894
30200 1 0.9902
30300 1 0.9912
30400 1 0.9894
30500 1 0.9896
30600 1 0.9918
30700 1 0.991
30800 1 0.9902
30900 1 0.9916
31000 1 0.9918
31100 1 0.988
31200 1 0.9908
31300 1 0.9906
31400 1 0.9888
31500 1 0.9884
31600 1 0.9896
31700 1 0.9886
31800 1 0.9882
31900 1 0.9904
32000 1 0.9896
32100 1 0.991
32200 1 0.991
32300 1 0.9908
32400 1 0.9912
32500 1 0.988
32600 1 0.9902
32700 1 0.9902
32800 1 0.9906
32900 1 0.9916
33000 1 0.9916
33100 1 0.9904
33200 1 0.9898
33300 1 0.9918
33400 1 0.9908
33500 1 0.9918
33600 1 0.9908
33700 1 0.9904
33800 1 0.9916
33900 1 0.9914
34000 0.98 0.9898
34100 1 0.9898
34200 1 0.9888
34300 1 0.9908
34400 1 0.9918
34500 1 0.9918
34600 1 0.9912
34700 1 0.9896
34800 1 0.9912
34900 1 0.9922
35000 1 0.9898
35100 1 0.9904
35200 1 0.9918
35300 1 0.9908
35400 1 0.9914
35500 1 0.992
35600 1 0.9914
35700 1 0.9886
35800 1 0.9918
35900 1 0.9922
36000 1 0.992
36100 1 0.9924
36200 1 0.9884
36300 1 0.9912
36400 1 0.9904
36500 1 0.9906
36600 1 0.9898
36700 1 0.991
36800 1 0.9904
36900 1 0.9898
37000 1 0.9906
37100 1 0.9914
37200 1 0.9902
37300 1 0.9912
37400 1 0.991
37500 1 0.9908
37600 1 0.9888
37700 1 0.9922
37800 1 0.9922
37900 1 0.992
38000 1 0.993
38100 1 0.993
38200 1 0.991
38300 1 0.99
38400 1 0.9896
38500 1 0.9916
38600 1 0.9916
38700 1 0.9922
38800 1 0.9912
38900 1 0.9912
39000 1 0.9904
39100 1 0.9906
39200 1 0.991
39300 1 0.9914
39400 1 0.9908
39500 0.98 0.9886
39600 1 0.9896
39700 1 0.9908
39800 1 0.9908
39900 1 0.9918
40000 1 0.99
40100 1 0.991
40200 1 0.9908
40300 1 0.9914
40400 1 0.9918
40500 1 0.9908
40600 1 0.9914
40700 1 0.9914
40800 1 0.99
40900 1 0.9912
41000 1 0.9912
41100 1 0.99
41200 1 0.991
41300 1 0.9904
41400 1 0.9894
41500 1 0.991
41600 1 0.9904
41700 1 0.991
41800 1 0.9914
41900 1 0.9914
42000 1 0.9914
42100 1 0.9914
42200 1 0.9904
42300 1 0.992
42400 1 0.9906
42500 1 0.9898
42600 1 0.9914
42700 1 0.9906
42800 1 0.991
42900 1 0.9902
43000 1 0.9904
43100 1 0.9898
43200 1 0.9908
43300 1 0.9924
43400 1 0.9932
43500 1 0.9926
43600 1 0.9914
43700 1 0.9912
43800 1 0.9924
43900 1 0.9914
44000 1 0.9902
44100 1 0.9908
44200 1 0.9912
44300 1 0.9906
44400 1 0.9908
44500 1 0.9912
44600 1 0.9912
44700 1 0.9918
44800 1 0.9904
44900 1 0.991
45000 1 0.9912
45100 1 0.9896
45200 1 0.9902
45300 1 0.9912
45400 1 0.9924
45500 1 0.9888
45600 1 0.9904
45700 1 0.9904
45800 1 0.9916
45900 1 0.9916
46000 1 0.9916
46100 1 0.9908
46200 1 0.9914
46300 1 0.9902
46400 1 0.9892
46500 1 0.991
46600 1 0.992
46700 1 0.9912
46800 1 0.9898
46900 1 0.9886
47000 1 0.9896
47100 1 0.991
47200 1 0.9908
47300 1 0.991
47400 1 0.99
47500 1 0.9908
47600 1 0.9898
47700 1 0.9908
47800 1 0.9914
47900 1 0.9894
48000 1 0.9914
48100 1 0.9918
48200 1 0.9918
48300 1 0.9912
48400 1 0.989
48500 1 0.9902
48600 1 0.9912
48700 1 0.991
48800 1 0.99
48900 1 0.9904
49000 1 0.9918
49100 1 0.9908
49200 1 0.9908
49300 1 0.9916
49400 1 0.992
49500 1 0.9902
49600 1 0.9912
49700 1 0.991
49800 1 0.9904
49900 1 0.9912
50000 1 0.992
50100 1 0.9928
50200 0.98 0.9926
50300 1 0.9912
50400 1 0.992
50500 1 0.991
50600 1 0.992
50700 1 0.9922
50800 1 0.9918
50900 1 0.9912
51000 1 0.993
51100 1 0.9924
51200 1 0.9914
51300 1 0.9926
51400 1 0.9924
51500 1 0.9938
51600 1 0.9934
51700 1 0.9934
51800 1 0.9934
51900 1 0.9928
52000 1 0.9904
52100 1 0.9908
52200 1 0.9898
52300 1 0.9906
52400 1 0.9906
52500 1 0.9908
52600 1 0.9924
52700 1 0.9914
52800 1 0.9932
52900 1 0.9928
53000 1 0.9922
53100 1 0.9912
53200 1 0.9918
53300 1 0.9928
53400 1 0.9922
53500 1 0.9918
53600 1 0.993
53700 1 0.993
53800 1 0.9918
53900 1 0.9914
54000 1 0.9916
54100 1 0.9922
54200 1 0.9896
54300 1 0.9912
54400 1 0.991
54500 1 0.9914
54600 1 0.991
54700 1 0.991
54800 1 0.9912
54900 1 0.9896
55000 1 0.9904
55100 1 0.9904
55200 1 0.9892
55300 1 0.9886
55400 1 0.9892
55500 1 0.9902
55600 1 0.9902
55700 1 0.9914
55800 1 0.9934
55900 1 0.9916
56000 1 0.9902
56100 1 0.9908
56200 1 0.9908
56300 1 0.9894
56400 1 0.9898
56500 1 0.9904
56600 1 0.9912
56700 1 0.9912
56800 1 0.9918
56900 1 0.991
57000 1 0.991
57100 1 0.9908
57200 1 0.991
57300 1 0.991
57400 1 0.9908
57500 1 0.9908
57600 1 0.9902
57700 0.98 0.991
57800 1 0.9884
57900 1 0.9904
58000 1 0.989
58100 1 0.9904
58200 1 0.9904
58300 1 0.9906
58400 1 0.9912
58500 1 0.9912
58600 1 0.9912
58700 1 0.9908
58800 1 0.9924
58900 1 0.9912
59000 1 0.9902
59100 1 0.9922
59200 1 0.9912
59300 1 0.9912
59400 1 0.9912
59500 1 0.9918
59600 1 0.9916
59700 1 0.9912
59800 1 0.9924
59900 1 0.9928
60000 1 0.9926
60100 1 0.9926
60200 1 0.9924
60300 1 0.9928
60400 1 0.9918
60500 1 0.9926
60600 1 0.9916
60700 1 0.9924
60800 1 0.9908
60900 1 0.9916
61000 1 0.9914
61100 1 0.9908
61200 1 0.9912
61300 1 0.9896
61400 1 0.99
61500 1 0.9898
61600 1 0.9916
61700 1 0.9916
61800 1 0.991
61900 1 0.9914
62000 1 0.9902
62100 1 0.991
62200 1 0.9912
62300 1 0.991
62400 1 0.9922
62500 1 0.992
62600 1 0.9914
62700 1 0.9906
62800 1 0.9908
62900 1 0.9914
63000 1 0.9918
63100 1 0.9916
63200 1 0.992
63300 1 0.9922
63400 1 0.9924
63500 1 0.9914
63600 1 0.9894
63700 1 0.9906
63800 1 0.9914
63900 1 0.9906
64000 1 0.991
64100 1 0.99
64200 1 0.9908
64300 1 0.9896
64400 1 0.9898
64500 1 0.9904
64600 1 0.991
64700 1 0.992
64800 1 0.9918
64900 1 0.9898
65000 1 0.9906
65100 1 0.9908
65200 1 0.99
65300 1 0.99
65400 1 0.9912
65500 1 0.9918
65600 1 0.9906
65700 1 0.9918
65800 1 0.9904
65900 1 0.9894
66000 1 0.99
66100 1 0.9916
66200 1 0.9912
66300 1 0.9914
66400 1 0.9914
66500 1 0.9916
66600 1 0.9906
66700 1 0.9886
66800 1 0.9912
66900 1 0.9906
67000 1 0.9906
67100 1 0.9904
67200 1 0.992
67300 1 0.9918
67400 1 0.9916
67500 1 0.9926
67600 1 0.9916
67700 1 0.9912
67800 1 0.9906
67900 1 0.9916
68000 1 0.9918
68100 1 0.9904
68200 1 0.9898
68300 1 0.991
68400 1 0.9898
68500 1 0.9906
68600 1 0.99
68700 1 0.9908
68800 1 0.9922
68900 1 0.9906
69000 1 0.9912
69100 1 0.9912
69200 1 0.9906
69300 1 0.9916
69400 1 0.9926
69500 1 0.9928
69600 1 0.9916
69700 1 0.9926
69800 1 0.992
69900 1 0.9918
70000 1 0.9924
70100 1 0.993
70200 1 0.991
70300 1 0.9918
70400 1 0.9914
70500 1 0.991
70600 1 0.9914
70700 1 0.9916
70800 1 0.991
70900 1 0.9912
71000 1 0.9926
71100 1 0.9926
71200 1 0.991
71300 1 0.9904
71400 1 0.9918
71500 1 0.9888
71600 1 0.9892
71700 1 0.9916
71800 1 0.9912
71900 1 0.9922
72000 1 0.9924
72100 1 0.9908
72200 1 0.9914
72300 1 0.9912
72400 1 0.9922
72500 1 0.9926
72600 1 0.9926
72700 1 0.993
72800 1 0.993
72900 1 0.9928
73000 1 0.9928
73100 1 0.992
73200 1 0.9912
73300 1 0.9912
73400 1 0.9912
73500 1 0.9918
73600 1 0.9896
73700 1 0.991
73800 1 0.9904
73900 1 0.9924
74000 1 0.993
74100 1 0.9924
74200 1 0.992
74300 1 0.9922
74400 1 0.9904
74500 1 0.9904
74600 1 0.9924
74700 1 0.9922
74800 1 0.9918
74900 1 0.9916
75000 1 0.992
75100 1 0.9922
75200 1 0.9912
75300 1 0.991
75400 1 0.992
75500 1 0.9898
75600 1 0.9904
75700 1 0.9906
75800 1 0.9914
75900 1 0.9906
76000 1 0.9912
76100 1 0.991
76200 1 0.9916
76300 1 0.9908
76400 1 0.992
76500 1 0.9908
76600 1 0.9914
76700 1 0.9922
76800 1 0.992
76900 1 0.9912
77000 1 0.991
77100 1 0.991
77200 1 0.9916
77300 1 0.9918
77400 1 0.9924
77500 1 0.9924
77600 1 0.9912
77700 1 0.9896
77800 1 0.9904
77900 1 0.9906
78000 1 0.99
78100 1 0.9908
78200 1 0.9908
78300 1 0.991
78400 1 0.9922
78500 1 0.9922
78600 1 0.9916
78700 1 0.9906
78800 1 0.9914
78900 0.98 0.9904
79000 1 0.9906
79100 1 0.9924
79200 1 0.993
79300 1 0.9926
79400 1 0.9898
79500 1 0.9922
79600 1 0.9914
79700 1 0.9902
79800 1 0.9918
79900 1 0.9916
80000 1 0.9916
80100 1 0.9916
80200 1 0.9916
80300 1 0.9914
80400 1 0.9918
80500 1 0.9914
80600 1 0.9912
80700 1 0.9924
80800 1 0.992
80900 1 0.9902
81000 1 0.9924
81100 1 0.9922
81200 1 0.9932
81300 1 0.9932
81400 1 0.993
81500 1 0.993
81600 1 0.993
81700 1 0.993
81800 1 0.993
81900 1 0.9926
82000 1 0.9926
82100 1 0.992
82200 1 0.992
82300 1 0.9914
82400 1 0.9906
82500 1 0.991
82600 1 0.9906
82700 1 0.9922
82800 1 0.9916
82900 1 0.9908
83000 1 0.991
83100 1 0.9906
83200 1 0.9914
83300 1 0.9914
83400 1 0.9912
83500 1 0.9922
83600 1 0.9916
83700 1 0.9914
83800 1 0.9906
83900 1 0.9918
84000 1 0.991
84100 1 0.9914
84200 1 0.9908
84300 1 0.9914
84400 1 0.9914
84500 1 0.9916
84600 1 0.9912
84700 1 0.991
84800 1 0.9896
84900 1 0.991
85000 1 0.9912
85100 1 0.9922
85200 0.98 0.9902
85300 1 0.991
85400 1 0.9926
85500 1 0.992
85600 1 0.9912
85700 1 0.9916
85800 1 0.992
85900 1 0.9916
86000 1 0.9914
86100 1 0.992
86200 1 0.9928
86300 1 0.9924
86400 1 0.991
86500 1 0.9922
86600 1 0.9922
86700 1 0.9906
86800 1 0.9924
86900 1 0.9922
87000 1 0.992
87100 1 0.992
87200 1 0.992
87300 1 0.9906
87400 1 0.992
87500 1 0.9914
87600 1 0.9922
87700 1 0.9912
87800 1 0.9912
87900 1 0.9922
88000 1 0.9918
88100 1 0.9924
88200 1 0.9926
88300 1 0.9922
88400 1 0.992
88500 1 0.9914
88600 1 0.9918
88700 1 0.9916
88800 1 0.9914
88900 1 0.9908
89000 1 0.9912
89100 1 0.9922
89200 1 0.992
89300 1 0.9918
89400 1 0.9912
89500 1 0.9906
89600 1 0.992
89700 1 0.992
89800 1 0.9926
89900 1 0.9912
90000 1 0.9906
90100 1 0.9908
90200 1 0.9914
90300 1 0.9914
90400 1 0.9918
90500 1 0.9916
90600 1 0.9916
90700 1 0.9912
90800 1 0.9918
90900 1 0.9916
91000 1 0.9922
91100 1 0.993
91200 1 0.9922
91300 1 0.9928
91400 1 0.9922
91500 1 0.992
91600 1 0.991
91700 1 0.9914
91800 1 0.992
91900 1 0.9916
92000 1 0.9918
92100 1 0.9916
92200 1 0.9916
92300 1 0.99
92400 1 0.9914
92500 1 0.9922
92600 1 0.9904
92700 1 0.9896
92800 1 0.9908
92900 0.98 0.9908
93000 1 0.9918
93100 1 0.9916
93200 1 0.9912
93300 1 0.9918
93400 1 0.992
93500 1 0.9934
93600 1 0.9936
93700 1 0.993
93800 1 0.9928
93900 1 0.9928
94000 1 0.9922
94100 1 0.9922
94200 1 0.9928
94300 1 0.9928
94400 1 0.9928
94500 1 0.9914
94600 1 0.992
94700 1 0.9914
94800 1 0.9918
94900 1 0.9912
95000 1 0.9934
95100 1 0.992
95200 1 0.9902
95300 1 0.9926
95400 1 0.9914
95500 1 0.9916
95600 1 0.9914
95700 1 0.9914
95800 1 0.9926
95900 1 0.99
96000 1 0.9918
96100 1 0.9926
96200 1 0.9914
96300 1 0.9928
96400 1 0.9914
96500 1 0.9922
96600 1 0.9924
96700 1 0.9922
96800 1 0.9922
96900 1 0.9922
97000 1 0.9918
97100 1 0.9922
97200 1 0.9922
97300 1 0.9922
97400 1 0.9918
97500 1 0.9898
97600 1 0.9908
97700 1 0.9922
97800 0.98 0.9922
97900 1 0.9924
98000 1 0.9922
98100 1 0.9914
98200 1 0.9922
98300 1 0.9926
98400 1 0.9914
98500 1 0.991
98600 1 0.9916
98700 1 0.9928
98800 1 0.9924
98900 1 0.9908
99000 1 0.9908
99100 1 0.99
99200 1 0.9914
99300 1 0.9914
99400 1 0.9916
99500 1 0.991
99600 1 0.991
99700 1 0.9908
99800 1 0.99
99900 1 0.991
100000 1 0.991
100100 1 0.9912
100200 1 0.9912
100300 1 0.991
100400 1 0.9906
100500 1 0.9924
100600 1 0.9926
100700 1 0.9922
100800 1 0.992
100900 1 0.9922
101000 1 0.993
101100 1 0.9926
101200 1 0.992
101300 1 0.993
101400 1 0.993
101500 1 0.9914
101600 1 0.9902
101700 1 0.9894
101800 1 0.9912
101900 1 0.9906
102000 1 0.9908
102100 1 0.9916
102200 1 0.9908
102300 1 0.9906
102400 1 0.99
102500 1 0.9918
102600 1 0.99
102700 1 0.9906
102800 1 0.991
102900 1 0.9922
103000 1 0.9922
103100 1 0.9926
103200 1 0.9918
103300 1 0.992
103400 1 0.9918
103500 1 0.992
103600 1 0.992
103700 1 0.992
103800 1 0.9922
103900 1 0.9912
104000 1 0.993
104100 1 0.992
104200 1 0.9924
104300 1 0.9924
104400 1 0.9922
104500 1 0.9902
104600 1 0.9922
104700 1 0.9922
104800 1 0.9932
104900 1 0.9924
105000 1 0.9892
105100 1 0.9908
105200 1 0.9924
105300 1 0.9928
105400 1 0.9934
105500 1 0.9932
105600 1 0.9922
105700 1 0.993
105800 1 0.99
105900 1 0.9922
106000 1 0.9918
106100 1 0.992
106200 1 0.9914
106300 1 0.9914
106400 1 0.9914
106500 1 0.9918
106600 1 0.992
106700 1 0.9916
106800 1 0.9926
106900 1 0.9922
107000 1 0.992
107100 1 0.9922
107200 1 0.9918
107300 1 0.9918
107400 1 0.9912
107500 1 0.9916
107600 1 0.9916
107700 1 0.992
107800 1 0.9916
107900 1 0.9916
108000 1 0.9916
108100 1 0.9912
108200 1 0.9904
108300 1 0.9914
108400 1 0.9918
108500 1 0.9916
108600 1 0.9908
108700 1 0.9906
108800 1 0.9912
108900 1 0.9918
109000 1 0.991
109100 1 0.9924
109200 1 0.9926
109300 1 0.9932
109400 1 0.9918
109500 1 0.9924
109600 1 0.9922
109700 1 0.9926
109800 1 0.9922
109900 1 0.993
110000 1 0.993
110100 1 0.9926
110200 1 0.992
110300 1 0.992
