
0 0.17 0.104929
100 0.95 0.897143
200 0.92 0.926071
300 0.97 0.934928
400 0.95 0.940857
500 0.98 0.944857
600 0.99 0.947643
700 0.97 0.9515
800 0.97 0.951785
900 1 0.954928
1000 0.98 0.957928
1100 0.99 0.956785
1200 0.98 0.959857
1300 0.99 0.960571
1400 0.99 0.9615
1500 1 0.964071
1600 0.99 0.962428
1700 0.99 0.966071
1800 0.99 0.966928
1900 0.99 0.965642
2000 1 0.968142
2100 0.99 0.967428
2200 1 0.968142
2300 0.99 0.968214
2400 0.99 0.966571
2500 0.99 0.969142
2600 0.98 0.968428
2700 1 0.9695
2800 0.99 0.969785
2900 0.98 0.970857
3000 0.99 0.971571
3100 1 0.971857
3200 0.98 0.971214
3300 0.98 0.971285
3400 1 0.972071
3500 0.99 0.972142
3600 1 0.972142
3700 0.99 0.973071
3800 1 0.971214
3900 1 0.972214
4000 1 0.972357
4100 1 0.972285
4200 1 0.972928
4300 0.99 0.972857
4400 0.99 0.972142
4500 1 0.974214
4600 1 0.973928
4700 1 0.973357
4800 1 0.973357
4900 1 0.9735
5000 1 0.974857
5100 1 0.975357
5200 1 0.974785
5300 1 0.974857
5400 1 0.973785
5500 1 0.973285
5600 1 0.974285
5700 1 0.973785
5800 1 0.974785
5900 1 0.974857
6000 1 0.9745
6100 1 0.9745
6200 1 0.975142
6300 1 0.975357
6400 1 0.975571
6500 1 0.975285
6600 1 0.974642
6700 1 0.974714
6800 1 0.975071
6900 1 0.976142
7000 1 0.975285
7100 1 0.975571
7200 1 0.975714
7300 1 0.975785
7400 1 0.976285
7500 1 0.975928
7600 1 0.975
7700 1 0.975857
7800 1 0.975142
7900 1 0.975643
8000 1 0.975142
8100 1 0.975785
8200 1 0.976214
8300 1 0.976714
8400 1 0.976
8500 1 0.976285
8600 1 0.976714
8700 1 0.975785
8800 1 0.975785
8900 1 0.974714
9000 1 0.976785
9100 1 0.975785
9200 1 0.976714
9300 1 0.976928
9400 1 0.977071
9500 1 0.976571
9600 1 0.977642
9700 1 0.977142
9800 1 0.977357
9900 1 0.976785
10000 1 0.977
10100 1 0.976928
10200 1 0.976785
10300 1 0.976857
10400 1 0.9765
10500 1 0.976928
10600 1 0.976928
10700 1 0.976357
10800 1 0.976857
10900 1 0.977214
11000 1 0.977214
11100 1 0.975785
11200 1 0.977285
11300 1 0.977285
11400 1 0.9765
11500 1 0.976357
11600 1 0.975928
11700 1 0.976714
11800 1 0.976285
11900 1 0.975928
12000 1 0.977714
12100 1 0.976428
12200 1 0.975285
12300 1 0.976214
12400 1 0.975714
12500 1 0.975928
12600 1 0.976071
12700 1 0.976285
12800 1 0.976214
12900 1 0.976357
13000 1 0.976357
13100 1 0.975785
13200 1 0.975928
13300 1 0.9755
13400 1 0.976571
13500 1 0.975857
13600 1 0.976428
13700 1 0.977
13800 1 0.976785
13900 1 0.977785
14000 1 0.977714
14100 1 0.976357
14200 1 0.977714
14300 1 0.977
14400 1 0.9765
14500 1 0.976214
14600 1 0.976571
14700 1 0.977928
14800 1 0.977428
14900 1 0.977357
15000 1 0.976714
15100 1 0.976785
15200 1 0.977142
15300 1 0.977285
15400 1 0.977428
15500 1 0.978
15600 1 0.977214
15700 1 0.976928
15800 1 0.976928
15900 1 0.978
16000 1 0.977928
16100 1 0.977714
16200 1 0.977285
16300 1 0.977785
16400 1 0.9785
16500 1 0.978357
16600 1 0.977071
16700 1 0.977571
16800 1 0.977928
16900 1 0.977357
17000 1 0.977642
17100 1 0.976785
17200 1 0.977357
17300 1 0.977857
17400 1 0.9775
17500 1 0.977357
17600 1 0.977928
17700 1 0.977571
17800 1 0.978
17900 1 0.977928
18000 1 0.977357
18100 1 0.977357
18200 1 0.977357
18300 1 0.977857
18400 1 0.977071
18500 1 0.9765
18600 1 0.976642
18700 1 0.976357
18800 1 0.977428
18900 1 0.977428
19000 1 0.978071
19100 1 0.977357
19200 1 0.978428
19300 1 0.977714
19400 1 0.978
19500 1 0.977928
19600 1 0.978
19700 1 0.978071
19800 1 0.977428
19900 1 0.977857
20000 1 0.977571
20100 1 0.977928
20200 1 0.977642
20300 1 0.977142
20400 1 0.977285
20500 1 0.978285
20600 1 0.977428
20700 1 0.977857
20800 1 0.977857
20900 1 0.977857
21000 1 0.976642
21100 1 0.977642
21200 1 0.978285
21300 1 0.978214
21400 1 0.977857
21500 1 0.977642
21600 1 0.977642
21700 1 0.977714
21800 1 0.978142
21900 1 0.978
22000 1 0.977857
22100 1 0.978285
22200 1 0.978071
22300 1 0.977785
22400 1 0.978357
22500 1 0.978142
22600 1 0.978214
22700 1 0.978785
22800 1 0.977785
22900 1 0.977928
23000 1 0.978
23100 1 0.978285
23200 1 0.978357
23300 1 0.978428
23400 1 0.978285
23500 1 0.977714
23600 1 0.978928
23700 1 0.979214
23800 1 0.978285
23900 1 0.979357
24000 1 0.979214
24100 1 0.978571
24200 1 0.978714
24300 1 0.978928
24400 1 0.978642
24500 1 0.978
24600 1 0.978
24700 1 0.979785
24800 1 0.978142
24900 1 0.978214
25000 1 0.978928
25100 1 0.977928
25200 1 0.978142
25300 0.09 0.100429
25400 0.02 0.100429
25500 0.13 0.100429
25600 0.05 0.100429
25700 0.09 0.100429

0 0.15 0.100643
100 0.07 0.0962143
200 0.09 0.0962143
300 0.06 0.0962143
400 0.11 0.0962143
500 0.08 0.0962143
600 0.07 0.0962143
700 0.05 0.0962143
800 0.09 0.0962143
900 0.07 0.0962143
1000 0.1 0.0962143
1100 0.13 0.0962143
1200 0.12 0.0962143
1300 0.19 0.0962143
1400 0.09 0.0962143
1500 0.12 0.0962143
1600 0.12 0.0962143
1700 0.11 0.0962143
1800 0.1 0.0962143
1900 0.1 0.0962143
2000 0.13 0.0962143
2100 0.09 0.0962143
2200 0.13 0.0962143
2300 0.06 0.0962143
2400 0.07 0.0962143
2500 0.06 0.0962143
2600 0.11 0.0962143
2700 0.08 0.0962143

0 0.21 0.111786
100 0.95 0.906714
200 0.95 0.923642
300 0.96 0.933142
400 0.97 0.944428
500 0.99 0.946285
600 1 0.949642
700 0.99 0.951785
800 0.99 0.954642
900 1 0.956285
1000 0.99 0.957
1100 0.97 0.954071
1200 0.98 0.959285
1300 0.97 0.960357
1400 0.97 0.9605
1500 0.99 0.960928
1600 1 0.962714
1700 0.99 0.9645
1800 0.99 0.965428
1900 0.99 0.964785
2000 1 0.965
2100 0.99 0.964285
2200 1 0.963857
2300 1 0.966071
2400 0.99 0.967857
2500 0.98 0.966357
2600 0.99 0.966928
2700 1 0.969071
2800 1 0.9685
2900 1 0.970285
3000 0.99 0.969785
3100 1 0.968571
3200 1 0.970428
3300 1 0.969142
3400 1 0.969357
3500 1 0.969928
3600 1 0.970643
3700 1 0.969642
3800 0.99 0.970714
3900 1 0.971285
4000 1 0.969857
4100 1 0.972785
4200 0.99 0.9715
4300 1 0.972357
4400 1 0.972642
4500 1 0.972428
4600 0.99 0.972571
4700 1 0.972142
4800 1 0.972285
4900 1 0.972642
5000 1 0.972357
5100 1 0.972071
5200 1 0.972357
5300 1 0.973357
5400 0.99 0.973357
5500 1 0.972928
5600 1 0.973357
5700 1 0.974642
5800 1 0.973071
5900 1 0.973642
6000 1 0.972571
6100 1 0.973642
6200 1 0.973571
6300 1 0.973714
6400 1 0.972785
6500 1 0.973
6600 1 0.973714
6700 1 0.974214
6800 1 0.974071
6900 1 0.973285
7000 1 0.973571
7100 1 0.973
7200 1 0.974285
7300 1 0.974428
7400 1 0.973785
7500 1 0.974071
7600 1 0.974785
7700 1 0.974071
7800 1 0.974714
7900 1 0.975642
8000 1 0.975642
8100 1 0.974857
8200 1 0.974785
8300 1 0.975214
8400 1 0.975
8500 1 0.974357
8600 1 0.975
8700 1 0.975071
8800 1 0.974571
8900 1 0.975
9000 1 0.974
9100 1 0.974357
9200 1 0.974857
9300 1 0.974857
9400 1 0.975071
9500 1 0.974571
9600 1 0.975857
9700 1 0.975214
9800 1 0.975071
9900 1 0.975071
10000 1 0.974928
10100 1 0.974714
10200 1 0.9755
10300 1 0.9755
10400 1 0.975357
10500 1 0.975714
10600 1 0.976214
10700 1 0.975642
10800 1 0.976357
10900 1 0.976714
11000 1 0.976142
11100 1 0.975928
11200 1 0.975571
11300 1 0.976
11400 1 0.976071
11500 1 0.976285

0 0.26 0.158
100 0.93 0.899571
200 0.98 0.928928
300 1 0.938428
400 0.99 0.947214
500 1 0.951
600 1 0.953785
700 0.99 0.954928
800 0.98 0.958285
900 0.99 0.957428
1000 1 0.962714
1100 1 0.963571
1200 1 0.964571
1300 1 0.964499
1400 0.99 0.966357
1500 0.99 0.967357
1600 0.99 0.965071
1700 1 0.968642
1800 1 0.966428
1900 1 0.968
2000 0.99 0.967357
2100 0.99 0.970571
2200 0.99 0.971214
2300 1 0.969714
2400 1 0.970642
2500 1 0.971428
2600 1 0.970714
2700 1 0.972642
2800 1 0.971642
2900 1 0.970857
3000 1 0.972
3100 1 0.972071
3200 1 0.972357
3300 1 0.973785
3400 1 0.974142
3500 0.99 0.972214
3600 1 0.973928
3700 1 0.972642
3800 1 0.972714
3900 1 0.974071
4000 1 0.973714
4100 1 0.972857
4200 1 0.972928
4300 1 0.974071
4400 1 0.973642
4500 1 0.974214
4600 1 0.974071
4700 1 0.973928
4800 1 0.973785
4900 1 0.974142
5000 1 0.973142
5100 1 0.974357
5200 1 0.9745
5300 1 0.974285
5400 1 0.973571
5500 1 0.974214
5600 1 0.975428
5700 1 0.974857
5800 1 0.974071
5900 1 0.975285
6000 1 0.974999
6100 1 0.974714
6200 1 0.975357
6300 1 0.974642
6400 1 0.975428
6500 1 0.973785
6600 1 0.975928
6700 1 0.975785
6800 1 0.976357
6900 1 0.974357
7000 1 0.975857
7100 1 0.976071
7200 1 0.975857
7300 1 0.975428
7400 1 0.975643
7500 1 0.974857
7600 1 0.9755
7700 1 0.975571
7800 1 0.9765
7900 1 0.975142
8000 1 0.977071
8100 1 0.976285
8200 1 0.975643
8300 1 0.976
8400 1 0.976
8500 1 0.976642
8600 1 0.976642
8700 1 0.975928
8800 1 0.975928
8900 1 0.976357
9000 1 0.9765
9100 1 0.976071
9200 1 0.976357
9300 1 0.976571
9400 1 0.976357
9500 1 0.976
9600 1 0.976428
9700 1 0.975928
9800 1 0.976785
9900 1 0.976928
10000 1 0.976714
10100 1 0.975428
10200 1 0.976214
10300 1 0.976928
10400 1 0.9765
10500 1 0.976357
10600 1 0.977071
10700 1 0.976
10800 1 0.975785
10900 1 0.976214
11000 1 0.976857
11100 1 0.976
11200 1 0.976285
11300 1 0.976428
11400 1 0.976642
11500 1 0.976857
11600 1 0.976714
11700 1 0.976428
11800 1 0.977357
11900 1 0.977
12000 1 0.977428
12100 1 0.976857
12200 1 0.9765
12300 1 0.976928
12400 1 0.976285
12500 1 0.975928
12600 1 0.976857
12700 1 0.977
12800 1 0.977
12900 1 0.976928
13000 1 0.976357
13100 1 0.977428
13200 1 0.977071
13300 1 0.977142
13400 1 0.976785
13500 1 0.977285
13600 1 0.976642
13700 1 0.977214
13800 1 0.977142
13900 1 0.9775
14000 1 0.977428
14100 1 0.976928
14200 1 0.977714
14300 1 0.977928
14400 1 0.977285
14500 1 0.976928
14600 1 0.977642
14700 1 0.977071
14800 1 0.977357
14900 1 0.977642
15000 1 0.977428
15100 1 0.977071
15200 1 0.977285
15300 1 0.977714
15400 1 0.977
15500 1 0.977
15600 1 0.977428
15700 1 0.976714
15800 1 0.977214
15900 1 0.977071
16000 1 0.976857
16100 1 0.977357
16200 1 0.977357
16300 1 0.977285
16400 1 0.977
16500 1 0.977214
16600 1 0.977714
16700 1 0.976928
16800 1 0.976928
16900 1 0.977428
17000 1 0.977357
17100 1 0.976928
17200 1 0.977642
17300 1 0.977928
17400 1 0.977142
17500 1 0.977071
17600 1 0.977857
17700 1 0.9775
17800 1 0.977
17900 1 0.977357
18000 1 0.977571
18100 1 0.978
18200 1 0.977785
18300 1 0.977285
18400 1 0.978357
18500 1 0.977357
18600 1 0.977285
18700 1 0.977571
18800 1 0.977571
18900 1 0.977571
19000 1 0.977714
19100 1 0.977571
19200 1 0.977714
19300 1 0.977714
19400 1 0.977642
19500 1 0.977357
19600 1 0.977142
19700 1 0.978714
19800 1 0.977928
19900 1 0.976071
20000 1 0.9775
20100 1 0.978214
20200 1 0.977714
20300 1 0.978285
20400 1 0.978357
20500 1 0.978357
20600 1 0.977071
20700 1 0.978571
20800 1 0.978214
20900 1 0.978
21000 1 0.978
21100 1 0.977785
21200 1 0.978357
21300 1 0.978071
21400 1 0.977428
21500 1 0.977357
21600 1 0.978142
21700 1 0.978285
21800 1 0.978071
21900 1 0.977714
22000 1 0.977714
22100 1 0.978
22200 1 0.977357
22300 1 0.978214
22400 1 0.9775
22500 1 0.978642
22600 1 0.978071
22700 1 0.978214
22800 1 0.978428
22900 1 0.978071
23000 1 0.978785
23100 1 0.978571
23200 1 0.978
23300 1 0.977714
23400 1 0.977857
23500 1 0.978143
23600 1 0.977857
23700 1 0.978714
23800 1 0.977571
23900 1 0.978
24000 1 0.977857
24100 1 0.977571
24200 1 0.9775
24300 1 0.977857
24400 1 0.978214
24500 1 0.978071
24600 1 0.978285
24700 1 0.977928
24800 1 0.978428
24900 1 0.978
25000 1 0.978214
25100 1 0.978571
25200 1 0.978214
25300 1 0.978285
25400 1 0.977285
25500 1 0.978071
25600 1 0.977428
25700 1 0.977928
25800 1 0.978142
25900 1 0.977785
26000 1 0.977857
26100 1 0.977928
26200 1 0.978285
26300 1 0.978428
26400 1 0.978214
26500 1 0.978
26600 1 0.977857
26700 1 0.978428
26800 1 0.978
26900 1 0.978214
27000 1 0.978071
27100 1 0.978285
27200 1 0.978
27300 1 0.9785
27400 1 0.977642
27500 1 0.978142
27600 1 0.978428
27700 1 0.977928
27800 1 0.978642
27900 1 0.9785
28000 1 0.978571
28100 1 0.977785
28200 1 0.978214
28300 1 0.977785
28400 1 0.978785
28500 1 0.978142
28600 1 0.977928
28700 1 0.978
28800 1 0.978214
28900 1 0.978357
29000 1 0.978714
29100 1 0.978
29200 1 0.978428
29300 1 0.978071
29400 1 0.978285
29500 1 0.978285
29600 1 0.978142
29700 1 0.977428
29800 1 0.978357
29900 1 0.978214
30000 1 0.977857
30100 1 0.978571
30200 1 0.978214
30300 1 0.977357
30400 1 0.977357
30500 1 0.978
30600 1 0.977642
30700 1 0.977642
30800 1 0.978214
30900 1 0.978428
31000 1 0.977642
31100 1 0.978428
31200 1 0.977928
31300 1 0.978785
31400 1 0.978285
31500 1 0.978071
31600 1 0.977785
31700 1 0.978571
31800 1 0.978857
31900 1 0.977428
32000 1 0.977857
32100 1 0.977928
32200 1 0.978071
32300 1 0.978357
32400 1 0.978214
32500 1 0.978071
32600 1 0.978285
32700 1 0.977928
32800 1 0.978214
32900 1 0.978428
33000 1 0.977857
33100 1 0.977714
33200 1 0.978214
33300 1 0.978642
33400 1 0.978857
33500 1 0.978928
33600 1 0.978428
33700 1 0.978285
33800 1 0.978428
33900 1 0.978714
34000 1 0.978285
34100 1 0.977928
34200 1 0.978642
34300 1 0.9785
34400 1 0.978642
34500 1 0.978428
34600 1 0.978428
34700 1 0.978357
34800 1 0.978214
34900 1 0.978285
35000 1 0.977642
35100 1 0.978142
35200 1 0.978857
35300 1 0.978214
35400 1 0.978714
35500 1 0.978214
35600 1 0.978285
35700 1 0.978357
35800 1 0.978142
35900 1 0.977857
36000 1 0.978285
36100 1 0.978357
36200 1 0.977642
36300 1 0.978428
36400 1 0.978928
36500 1 0.978214
36600 1 0.978571
36700 1 0.978285
36800 1 0.9785
36900 1 0.978285
37000 1 0.9785
37100 1 0.978
37200 1 0.978214
37300 1 0.978214
37400 1 0.978285
37500 1 0.978
37600 1 0.978142
37700 1 0.978571
37800 1 0.977785
37900 1 0.977214
38000 1 0.977714
38100 1 0.978
38200 1 0.978428
38300 1 0.978357
38400 1 0.977928
38500 1 0.978142
38600 1 0.978142
38700 1 0.977642
38800 1 0.978214
38900 1 0.978214
39000 1 0.978
39100 1 0.978071
39200 1 0.977642
39300 1 0.977785
39400 1 0.977357
39500 1 0.977571
39600 1 0.978285
39700 1 0.978285
39800 1 0.978428
39900 1 0.978071
40000 1 0.9785
40100 1 0.9785
40200 1 0.978428
40300 1 0.978285
40400 1 0.978285
40500 1 0.977571
40600 1 0.977714
40700 1 0.978142
40800 1 0.978428
40900 1 0.978
41000 1 0.978214
41100 1 0.977642
41200 1 0.978142
41300 1 0.978357
41400 1 0.978
41500 1 0.978285
41600 1 0.978714
41700 1 0.978357
41800 1 0.978214
41900 1 0.978357
42000 1 0.977571
42100 1 0.978214
42200 1 0.978285
42300 1 0.978214
42400 1 0.978214
42500 1 0.978
42600 1 0.978428
42700 1 0.978
42800 1 0.978071
42900 1 0.977928
43000 1 0.978214
43100 1 0.978214
43200 1 0.978357
43300 1 0.977428
43400 1 0.977857
43500 1 0.9785
43600 1 0.978
43700 1 0.977928
43800 1 0.977714
43900 1 0.978214
44000 1 0.978428
44100 1 0.9785
44200 1 0.978428
44300 1 0.979071
44400 1 0.978714
44500 1 0.979285
44600 1 0.978428
44700 1 0.979
44800 1 0.978785
44900 1 0.978785
45000 1 0.9785
45100 1 0.979214
45200 1 0.978928
45300 1 0.978785
45400 1 0.979142
45500 1 0.9785
45600 1 0.978928
45700 1 0.978714
45800 1 0.9785
45900 1 0.9785
46000 1 0.979142
46100 1 0.978785
46200 1 0.978785
46300 1 0.978571
46400 1 0.978357
46500 1 0.978785
46600 1 0.979142
46700 1 0.979071
46800 1 0.979214
46900 1 0.979071
47000 1 0.978928
47100 1 0.978857
47200 1 0.978785
47300 1 0.979142
47400 1 0.979071
47500 1 0.979285
47600 1 0.978857
47700 1 0.978714
47800 1 0.978928
47900 1 0.979285
48000 1 0.978642
48100 1 0.978857
48200 1 0.978785
48300 1 0.978571
48400 1 0.9785
48500 1 0.978285
48600 1 0.9785
48700 1 0.978642
48800 1 0.978428
48900 1 0.978785
49000 1 0.9785
49100 1 0.978642
49200 1 0.9785
49300 1 0.978571
49400 1 0.978785
49500 1 0.978142
49600 1 0.978714
49700 1 0.978928
49800 1 0.978214
49900 1 0.978714
50000 1 0.978357
50100 1 0.978428
50200 1 0.978714
50300 1 0.978357
50400 1 0.978857
50500 1 0.979214
50600 1 0.978428
50700 1 0.979214
50800 1 0.978714
50900 1 0.9785
51000 1 0.978642
51100 1 0.979285
51200 1 0.979285
51300 1 0.979
51400 1 0.978928
51500 1 0.978785
51600 1 0.978857
51700 1 0.978857
51800 1 0.978857
51900 1 0.978928
52000 1 0.978928
52100 1 0.978428
52200 1 0.978857
52300 1 0.978642
52400 1 0.978642
52500 1 0.978928
52600 1 0.978571
52700 1 0.978785
52800 1 0.978928
52900 1 0.978428
53000 1 0.978571
53100 1 0.978785
53200 1 0.978857
53300 1 0.979
53400 1 0.978857
53500 1 0.979142
53600 1 0.979071
53700 1 0.978857
53800 1 0.978714
53900 1 0.979357
54000 1 0.978428
54100 1 0.978428
54200 1 0.978071
54300 1 0.978142
54400 1 0.977714
54500 1 0.977928
54600 1 0.978357
54700 1 0.978285
54800 1 0.978928
54900 1 0.979142
55000 1 0.978285
55100 1 0.978857
55200 1 0.978428
55300 1 0.978714
55400 1 0.978928
55500 1 0.978571
55600 1 0.979285
55700 1 0.978857
55800 1 0.978428
55900 1 0.977928
56000 1 0.976928
56100 1 0.978428
56200 1 0.978857
56300 1 0.978785
56400 1 0.979
56500 1 0.978642
56600 1 0.978857
56700 1 0.978642
56800 1 0.978928
56900 1 0.978571
57000 1 0.978785
57100 1 0.9785
57200 1 0.978857
57300 1 0.978928
57400 1 0.978928
57500 1 0.978785
57600 1 0.978571
57700 1 0.978571
57800 1 0.978857
57900 1 0.978857
58000 1 0.978785
58100 1 0.978214
58200 1 0.978642
58300 1 0.978357
58400 1 0.978642
58500 1 0.978714
58600 1 0.978428
58700 1 0.978571
58800 1 0.978857
58900 0.06 0.1
59000 0.09 0.1
59100 0.07 0.1
59200 0.11 0.1
59300 0.07 0.1
59400 0.11 0.1
59500 0.02 0.1
59600 0.13 0.1
59700 0.14 0.1
59800 0.06 0.1
59900 0.1 0.1
60000 0.07 0.1
60100 0.13 0.1

0 0.27 0.183357
100 0.97 0.911714
200 0.97 0.926714
300 0.99 0.931071
400 1 0.941357
500 0.98 0.947142
600 1 0.949428
700 0.99 0.951928
800 1 0.947714
900 1 0.955214
1000 1 0.9565
1100 1 0.955571
1200 0.99 0.957928
1300 1 0.958357
1400 1 0.961714
1500 1 0.958642
1600 1 0.957857
1700 1 0.963143
1800 1 0.964571
1900 1 0.963857
2000 1 0.9645
2100 1 0.964214
2200 1 0.964571
2300 1 0.965142
2400 1 0.964928
2500 1 0.965071
2600 1 0.965
2700 1 0.966785
2800 1 0.966928
2900 1 0.966785
3000 1 0.965928
3100 1 0.966714
3200 1 0.967285
3300 1 0.966214
3400 1 0.967285
3500 1 0.968
3600 1 0.967214
3700 1 0.967928
3800 1 0.968
3900 1 0.968214
4000 1 0.968857
4100 1 0.968285
4200 1 0.969357
4300 1 0.968857
4400 1 0.969357
4500 1 0.969142
4600 1 0.969642
4700 1 0.969071
4800 1 0.969428
4900 1 0.9695
5000 1 0.969285
5100 1 0.969857
5200 1 0.969714
5300 1 0.969
5400 1 0.969571
5500 1 0.968857
5600 1 0.969642
5700 1 0.969285
5800 1 0.969642
5900 1 0.970142
6000 1 0.970642
6100 1 0.969785
6200 1 0.970071
6300 1 0.969357
6400 1 0.970428
6500 1 0.970214
6600 1 0.970357
6700 1 0.969928
6800 1 0.971071
6900 1 0.970642
7000 1 0.970785
7100 1 0.970357
7200 1 0.970142
7300 1 0.9705
7400 1 0.969999
7500 1 0.970785
7600 1 0.970571
7700 1 0.969857
7800 1 0.970571
7900 1 0.970571
8000 1 0.969928
8100 1 0.970071
8200 1 0.9705
8300 1 0.970214
8400 1 0.970714
8500 1 0.970428
8600 1 0.970142
8700 1 0.97
8800 1 0.970071
8900 1 0.97
9000 1 0.970642
9100 1 0.970642
9200 1 0.970571
9300 1 0.970642
9400 1 0.970642
9500 1 0.971142
9600 1 0.970857
9700 1 0.970285
9800 1 0.970928
9900 1 0.970357
10000 1 0.971142
10100 1 0.970642
10200 1 0.971071
10300 1 0.971285
10400 1 0.970785
10500 1 0.970785
10600 1 0.970785
10700 1 0.970214
10800 1 0.970642
10900 1 0.9705
11000 1 0.9705
11100 1 0.970642
11200 1 0.971571
11300 1 0.9705
11400 1 0.970642
11500 1 0.9705
11600 1 0.970357
11700 1 0.970428
11800 1 0.970714
11900 1 0.970785
12000 1 0.970714
12100 1 0.970571
12200 1 0.970928
12300 1 0.971142
12400 1 0.971214
12500 1 0.971071
12600 1 0.971
12700 1 0.971
12800 1 0.970857
12900 1 0.970785
13000 1 0.970785
13100 1 0.970785
13200 1 0.970857
13300 1 0.971
13400 1 0.971071
13500 1 0.9715
13600 1 0.970642
13700 1 0.970928
13800 1 0.971071
13900 1 0.971642
14000 1 0.971
14100 1 0.971357
14200 1 0.971071
14300 1 0.971285
14400 1 0.971071
14500 1 0.971071
14600 1 0.971071
14700 1 0.971428
14800 1 0.971214
14900 1 0.971214
15000 1 0.971285
15100 1 0.971285
15200 1 0.971
15300 1 0.971
15400 1 0.970928
15500 1 0.971214
15600 1 0.971071
15700 1 0.971285
15800 1 0.971428
15900 1 0.970857
16000 1 0.971857
16100 1 0.971214
16200 1 0.971285
16300 1 0.971071
16400 1 0.971142
16500 1 0.971357
16600 1 0.971357
16700 1 0.971571
16800 1 0.971071
16900 1 0.971571
17000 1 0.971571
17100 1 0.971214
17200 1 0.971642
17300 1 0.971928
17400 1 0.971642
17500 1 0.971571
17600 1 0.971357
17700 1 0.971714
17800 1 0.971357
17900 1 0.971428
18000 1 0.971928
18100 1 0.9715
18200 1 0.971642
18300 1 0.9715
18400 1 0.971285
18500 1 0.9715
18600 1 0.972214
18700 1 0.971714
18800 1 0.971928
18900 1 0.971571
19000 1 0.9715
19100 1 0.971785
19200 1 0.971928
19300 1 0.971857
19400 1 0.971428
19500 1 0.972
19600 1 0.971428
19700 1 0.971785
19800 1 0.971285
19900 1 0.971857
20000 1 0.971214
20100 1 0.971714
20200 1 0.971785
20300 1 0.971428
20400 1 0.971642
20500 1 0.971642
20600 1 0.971571
20700 1 0.9715
20800 1 0.971857
20900 1 0.972285
21000 1 0.9715
21100 1 0.971857
21200 1 0.971642
21300 1 0.971642
21400 1 0.971785
21500 1 0.971642
21600 1 0.971714
21700 1 0.971714
21800 1 0.971928
21900 1 0.972357
22000 1 0.971928
22100 1 0.971428
22200 1 0.971928
22300 1 0.972285
22400 1 0.971928
22500 1 0.971571
22600 1 0.971428
22700 1 0.972142
22800 1 0.971928
22900 1 0.972
23000 1 0.971857
23100 1 0.971928
23200 1 0.971928
23300 1 0.971857
23400 1 0.971785
23500 1 0.972071
23600 1 0.971857
23700 1 0.972
23800 1 0.972143
23900 1 0.972285
24000 1 0.972071
24100 1 0.972142
24200 1 0.972214
24300 1 0.972285
24400 1 0.972
24500 1 0.971785
24600 1 0.972071
24700 1 0.972428
24800 1 0.972428
24900 1 0.971857
25000 1 0.971928
25100 1 0.972071
25200 1 0.972
25300 1 0.972285
25400 1 0.971928
25500 1 0.972
25600 1 0.9715
25700 1 0.971857
25800 1 0.971928
25900 1 0.972071
26000 1 0.972
26100 1 0.972
26200 1 0.972
26300 1 0.972
26400 1 0.971785
26500 1 0.972071
26600 1 0.972
26700 1 0.972357
26800 1 0.971714
26900 1 0.972285
27000 1 0.972214
27100 1 0.972357
27200 1 0.972214
27300 1 0.972142
27400 1 0.971857
27500 1 0.971928
27600 1 0.972285
27700 1 0.971714
27800 1 0.971857
27900 1 0.972071
28000 1 0.972071
28100 1 0.972357
28200 1 0.972142
28300 1 0.971714
28400 1 0.972285
28500 1 0.972071
28600 1 0.972071
28700 1 0.972071
28800 1 0.972
28900 1 0.972214
29000 1 0.972285
29100 1 0.972
29200 1 0.971928
29300 1 0.972142
29400 1 0.971857
29500 1 0.972285
29600 1 0.972571
29700 1 0.972142
29800 1 0.972071
29900 1 0.972071
30000 1 0.971928
30100 1 0.972142
30200 1 0.972071
30300 1 0.972214
30400 1 0.972214
30500 1 0.9725
30600 1 0.972428
30700 1 0.972428
30800 1 0.972142
30900 1 0.972285
31000 1 0.971714
31100 1 0.972571
31200 1 0.972071
31300 1 0.972142
31400 1 0.972357
31500 1 0.972
31600 1 0.972143
31700 1 0.972214
31800 1 0.971857
31900 1 0.971928
32000 1 0.972214
32100 1 0.972142
32200 1 0.972142
32300 1 0.972428
32400 1 0.972285
32500 1 0.972214
32600 1 0.972214
32700 1 0.972214
32800 1 0.972285
32900 1 0.972142
33000 1 0.972285
33100 1 0.972285
33200 1 0.972357
33300 1 0.972285
33400 1 0.972428
33500 1 0.972357
33600 1 0.972214
33700 1 0.972357
33800 1 0.972357
33900 1 0.971857
34000 1 0.971999
34100 1 0.972214
34200 1 0.972
34300 1 0.972142
34400 1 0.972285
34500 1 0.972285
34600 1 0.972357
34700 1 0.972142
34800 1 0.971928
34900 1 0.972071
35000 1 0.9725
35100 1 0.972142
35200 1 0.972071
35300 1 0.972143
35400 1 0.972214
35500 1 0.972071
35600 1 0.972357
35700 1 0.972285
35800 1 0.972642
35900 1 0.972214
36000 1 0.972142
36100 1 0.972571
36200 1 0.972428
36300 1 0.972357
36400 1 0.972071
36500 1 0.972642
36600 1 0.972357
36700 1 0.972714
36800 1 0.972428
36900 1 0.972214
37000 1 0.972285
37100 1 0.972642
37200 1 0.972142
37300 1 0.9725
37400 1 0.9725
37500 1 0.9725
37600 1 0.972285
37700 1 0.9725
37800 1 0.972642
37900 1 0.972357
38000 1 0.972357
38100 1 0.972357
38200 1 0.972428
38300 1 0.9725
38400 1 0.972428
38500 1 0.972571
38600 1 0.972285
38700 1 0.972642
38800 1 0.972642
38900 1 0.972285
39000 1 0.972357
39100 1 0.972428
39200 1 0.972428
39300 1 0.972428
39400 1 0.9725
39500 1 0.972571
39600 1 0.972571
39700 1 0.972357
39800 1 0.972214
39900 1 0.972285
40000 1 0.972714
40100 1 0.972642
40200 1 0.972214
40300 1 0.972714
40400 1 0.972642
40500 1 0.9725
40600 1 0.972357
40700 1 0.972428
40800 1 0.9725
40900 1 0.972357
41000 1 0.972214
41100 1 0.972571
41200 1 0.972142
41300 1 0.972571
41400 1 0.9725
41500 1 0.972285
41600 1 0.972142
41700 1 0.9725
41800 1 0.972357
41900 1 0.972214
42000 1 0.972571
42100 1 0.972642
42200 1 0.9725
42300 1 0.972428
42400 1 0.972357
42500 1 0.972214
42600 1 0.972428
42700 1 0.972642
42800 1 0.972428
42900 1 0.972428
43000 1 0.972857
43100 1 0.972428
43200 1 0.972714
43300 1 0.9725
43400 1 0.972357
43500 1 0.972571
43600 1 0.972714
43700 1 0.972357
43800 1 0.972285
43900 1 0.972214
44000 1 0.972642
44100 1 0.9725
44200 1 0.972714
44300 1 0.972642
44400 1 0.972714
44500 1 0.972714
44600 1 0.972571
44700 1 0.972714
44800 1 0.972571
44900 1 0.972714
45000 1 0.972714
45100 1 0.972571
45200 1 0.972571
45300 1 0.972642
45400 1 0.972642
45500 1 0.9725
45600 1 0.972357
45700 1 0.972571
45800 1 0.972642
45900 1 0.972571
46000 1 0.972571
46100 1 0.972642
46200 1 0.9725
46300 1 0.972714
46400 1 0.972857
46500 1 0.972571
46600 1 0.972857
46700 1 0.972928
46800 1 0.972785
46900 1 0.972714
47000 1 0.972571
47100 1 0.972857
47200 1 0.972785
47300 1 0.972357
47400 1 0.9725
47500 1 0.972785
47600 1 0.972857
47700 1 0.972928
47800 1 0.972857
47900 1 0.972928
48000 1 0.9725
48100 1 0.972928
48200 1 0.9725
48300 1 0.972928
48400 1 0.972642
48500 1 0.972785
48600 1 0.972642
48700 1 0.972714
48800 1 0.972571
48900 1 0.972857
49000 1 0.9725
49100 1 0.972571
49200 1 0.972928
49300 1 0.972785
49400 1 0.972785
49500 1 0.972642
49600 1 0.972642
49700 1 0.972857
49800 1 0.972428
49900 1 0.972714
50000 1 0.972642
50100 1 0.972857
50200 1 0.972714
50300 1 0.972857
50400 1 0.972785
50500 1 0.9725
50600 1 0.972857
50700 1 0.972714
50800 1 0.972642
50900 1 0.972642
51000 1 0.972714
51100 1 0.972785
51200 1 0.972428
51300 1 0.972499
51400 1 0.972571
51500 1 0.972928
51600 1 0.972571
51700 1 0.972571
51800 1 0.972642
51900 1 0.972642
52000 1 0.972571
52100 1 0.972571
52200 1 0.972642
52300 1 0.972857
52400 1 0.972857
52500 1 0.973
52600 1 0.972714
52700 1 0.9725
52800 1 0.9725
52900 1 0.972571
53000 1 0.972571
53100 1 0.972571
53200 1 0.9725
53300 1 0.972642
53400 1 0.972785
53500 1 0.9725
53600 1 0.972642
53700 1 0.972714
53800 1 0.972571
53900 1 0.972714
54000 1 0.972785
54100 1 0.972714
54200 1 0.972857
54300 1 0.972714
54400 1 0.972857
54500 1 0.972928
54600 1 0.972714
54700 1 0.972714
54800 1 0.972642
54900 1 0.972928
55000 1 0.972928
55100 1 0.972857
55200 1 0.972857
55300 1 0.972714
55400 1 0.972857
55500 1 0.972857
55600 1 0.972928
55700 1 0.972642
55800 1 0.972857
55900 1 0.972857
56000 1 0.972785
56100 1 0.972857
56200 1 0.972857
56300 1 0.972928
56400 1 0.972714
56500 1 0.972857
56600 1 0.972785
56700 1 0.973071
56800 1 0.972857
56900 1 0.972785
57000 1 0.973
57100 1 0.972714
57200 1 0.972714
57300 1 0.973
57400 1 0.973
57500 1 0.972857
57600 1 0.973071
57700 1 0.973
57800 1 0.973214
57900 1 0.973
58000 1 0.973
58100 1 0.972857
58200 1 0.972642
58300 1 0.972714
58400 1 0.972571
58500 1 0.972928
58600 1 0.973142
58700 1 0.972857
58800 1 0.973
58900 1 0.972571
59000 1 0.9725
59100 1 0.972714
59200 1 0.972928
59300 1 0.973071
59400 1 0.973071
59500 1 0.972928
59600 1 0.972928
59700 1 0.972571
59800 1 0.972714
59900 1 0.972785
60000 1 0.973
60100 1 0.973
60200 1 0.972928
60300 1 0.972571
60400 1 0.972785
60500 1 0.972714
60600 1 0.972785
60700 1 0.972642
60800 1 0.972857
60900 1 0.972642
61000 1 0.972928
61100 1 0.972714
61200 1 0.972857
61300 1 0.973214
61400 1 0.973071
61500 1 0.973
61600 1 0.972785
61700 1 0.973
61800 1 0.973
61900 1 0.972785
62000 1 0.972857
62100 1 0.972928
62200 1 0.973142
62300 1 0.973071
62400 1 0.972928
62500 1 0.973
62600 1 0.973071
62700 1 0.972928
62800 1 0.972642
62900 1 0.9725
63000 1 0.973071
63100 1 0.973071
63200 1 0.973
63300 1 0.972785
63400 1 0.973
63500 1 0.972857
63600 1 0.972857
63700 1 0.972928
63800 1 0.973071
63900 1 0.973071
64000 1 0.972928
64100 1 0.972857
64200 1 0.972857
64300 1 0.973
64400 1 0.972928
64500 1 0.973
64600 1 0.973071
64700 1 0.972928
64800 1 0.972928
64900 1 0.972857
65000 1 0.973357
65100 1 0.972928
65200 1 0.973285
65300 1 0.973214
65400 1 0.973071
65500 1 0.973214
65600 1 0.973142
65700 1 0.972928
65800 1 0.972857
65900 1 0.973214
66000 1 0.973142
66100 1 0.973
66200 1 0.973214
66300 1 0.973
66400 1 0.973071
66500 1 0.973
66600 1 0.972857
66700 1 0.972785
66800 1 0.972928
66900 1 0.972928
67000 1 0.972928
67100 1 0.972642
67200 1 0.973285
67300 1 0.972642
67400 1 0.972714
67500 1 0.972642
67600 1 0.972928
67700 1 0.973
67800 1 0.973142
67900 1 0.973071
68000 1 0.973214
68100 1 0.972785
68200 1 0.973071
68300 1 0.973143
68400 1 0.973
68500 1 0.973214
68600 1 0.973142
68700 1 0.973214
68800 1 0.973
68900 1 0.973071
69000 1 0.973071
69100 1 0.973
69200 1 0.972928
69300 1 0.972928
69400 1 0.972785
69500 1 0.972928
69600 1 0.972714
69700 1 0.972785
69800 1 0.972928
69900 1 0.973
70000 1 0.973
70100 1 0.972785
70200 1 0.973071
70300 1 0.973142
70400 1 0.973
70500 1 0.973214
70600 1 0.973142
70700 1 0.973071
70800 1 0.972857
70900 1 0.973071
71000 1 0.973
71100 1 0.973071
71200 1 0.972857
71300 1 0.972857
71400 1 0.973071
71500 1 0.973214
71600 1 0.973
71700 1 0.972928
71800 1 0.973
71900 1 0.972642
72000 1 0.973214
72100 1 0.973071
72200 1 0.972642
72300 1 0.972928
72400 1 0.973285
72500 1 0.972857
72600 1 0.973142
72700 1 0.973071
72800 1 0.972857
72900 1 0.973357
73000 1 0.972928
73100 1 0.973
73200 1 0.973
73300 1 0.973071
73400 1 0.973143
73500 1 0.973071
73600 1 0.973
73700 1 0.973143
73800 1 0.973214
73900 1 0.973071
74000 1 0.973071
74100 1 0.973071
74200 1 0.973071
74300 1 0.973
74400 1 0.973142
74500 1 0.973142
74600 1 0.973214
74700 1 0.972928
74800 1 0.973142
74900 1 0.973142
75000 1 0.973
75100 1 0.972928
75200 1 0.973071
75300 1 0.973214
75400 1 0.973071
75500 1 0.973142
75600 1 0.973071
75700 1 0.973
75800 1 0.973214
75900 1 0.973071
76000 1 0.973071
76100 1 0.973142
76200 1 0.973143
76300 1 0.973143
76400 1 0.973071
76500 1 0.973071
76600 1 0.973142
76700 1 0.973142
76800 1 0.973071
76900 1 0.973
77000 1 0.973071
77100 1 0.973071
77200 1 0.972928
77300 1 0.972857
77400 1 0.972928
77500 1 0.973
77600 1 0.973071
77700 1 0.973071
77800 1 0.973
77900 1 0.973
78000 1 0.972928
78100 1 0.973
78200 1 0.973285
78300 1 0.973142
78400 1 0.972857
78500 1 0.973214
78600 1 0.973285
78700 1 0.973285
78800 1 0.973285
78900 1 0.973071
79000 1 0.973
79100 1 0.973214
79200 1 0.973071
79300 1 0.973214
79400 1 0.973214
79500 1 0.973214
79600 1 0.973
79700 1 0.973214
79800 1 0.973214
79900 1 0.973428
80000 1 0.973142
80100 1 0.973071
80200 1 0.973071
80300 1 0.972928
80400 1 0.973142
80500 1 0.973214
80600 1 0.973214
80700 1 0.973
80800 1 0.972857
80900 1 0.973142
81000 1 0.973071
81100 1 0.973071
81200 1 0.973
81300 1 0.973
81400 1 0.973071
81500 1 0.973214
81600 1 0.973214
81700 1 0.973357
81800 1 0.973285
81900 1 0.973142
82000 1 0.973071
82100 1 0.973357
82200 1 0.973357
82300 1 0.973071
82400 1 0.973285
82500 1 0.973071
82600 1 0.973071
82700 1 0.973285
82800 1 0.973071
82900 1 0.973071
83000 1 0.973
83100 1 0.973142
83200 1 0.973
83300 1 0.973142
83400 1 0.973285
83500 1 0.973214
83600 1 0.972928
83700 1 0.973
83800 1 0.973071
83900 1 0.9735
84000 1 0.973285
84100 1 0.972928
84200 1 0.973143
84300 1 0.973071
84400 1 0.973142
84500 1 0.973214
84600 1 0.973214
84700 1 0.973071
84800 1 0.973143
84900 1 0.973285
85000 1 0.973214
85100 1 0.973214
85200 1 0.973071
85300 1 0.973214
85400 1 0.973142
85500 1 0.973071
85600 1 0.973285
85700 1 0.973
85800 1 0.973285
85900 1 0.973071
86000 1 0.973285
86100 1 0.973071
86200 1 0.973071
86300 1 0.973
86400 1 0.972928
86500 1 0.973142
86600 1 0.973142
86700 1 0.973285
86800 1 0.973071
86900 1 0.972928
87000 1 0.973071
87100 1 0.973142
87200 1 0.973071
87300 1 0.973285
87400 1 0.973428
87500 1 0.973428
87600 1 0.973071
87700 1 0.973
87800 1 0.973142
87900 1 0.972928
88000 1 0.973071
88100 1 0.972928
88200 1 0.973428
88300 1 0.973214
88400 1 0.973071
88500 1 0.973071
88600 1 0.972928
88700 1 0.973071
88800 1 0.973285
88900 1 0.972928
89000 1 0.973214
89100 1 0.973214
89200 1 0.972857
89300 1 0.973214
89400 1 0.973143
89500 1 0.973
89600 1 0.973
89700 1 0.973214
89800 1 0.973285
89900 1 0.973285
90000 1 0.972857
90100 1 0.972785
90200 1 0.973
90300 1 0.973
90400 1 0.973357
90500 1 0.973142
90600 1 0.973
90700 1 0.973285
90800 1 0.973428
90900 1 0.973357
91000 1 0.973357
91100 1 0.973071
91200 1 0.972857
91300 1 0.973214
91400 1 0.973143
91500 1 0.973357
91600 1 0.973357
91700 1 0.973285
91800 1 0.973357
91900 1 0.973285
92000 1 0.973142
92100 1 0.973071
92200 1 0.973142
92300 1 0.972857
92400 1 0.973071
92500 1 0.973285
92600 1 0.973428
92700 1 0.973357
92800 1 0.973357
92900 1 0.972928
93000 1 0.973071
93100 1 0.973285
93200 1 0.973285
93300 1 0.9735
93400 1 0.973071
93500 1 0.973214
93600 1 0.973571
93700 1 0.9735
93800 1 0.9735
93900 1 0.973214
94000 1 0.973143
94100 1 0.973214
94200 1 0.973214
94300 1 0.973
94400 1 0.973214
94500 1 0.972928
94600 1 0.973142
94700 1 0.973214
94800 1 0.973214
94900 1 0.973
95000 1 0.973214
95100 1 0.973143
95200 1 0.973142
95300 1 0.973357
95400 1 0.973
95500 1 0.973142
95600 1 0.973071
95700 1 0.972928
95800 1 0.973285
95900 1 0.973071
96000 1 0.973
96100 1 0.973
96200 1 0.973071
96300 1 0.973071
96400 1 0.973142
96500 1 0.973357
96600 1 0.973143
96700 1 0.973071
96800 1 0.973
96900 1 0.972928
97000 1 0.972785
97100 1 0.972857
97200 1 0.973142
97300 1 0.973
97400 1 0.973071
97500 1 0.972928
97600 1 0.973071
97700 1 0.973142
97800 1 0.973285
97900 1 0.973214
98000 1 0.973142
98100 1 0.972928
98200 1 0.973
98300 1 0.972928
98400 1 0.972928
98500 1 0.973142
98600 1 0.973428
98700 1 0.973214
98800 1 0.973071
98900 1 0.973071
99000 1 0.973
99100 1 0.973214
99200 1 0.973285
99300 1 0.973285
99400 1 0.973214
99500 1 0.973214
99600 1 0.973214
99700 1 0.973285
99800 1 0.973142
99900 1 0.973142
100000 1 0.972857
100100 1 0.973071
100200 1 0.973214
100300 1 0.973142
100400 1 0.973214
100500 1 0.973142
100600 1 0.973071
100700 1 0.973285
100800 1 0.973214
100900 1 0.973214
101000 1 0.973285
101100 1 0.973357
101200 1 0.973285
101300 1 0.973285
101400 1 0.973428
101500 1 0.973214
101600 1 0.973214
101700 1 0.973285
101800 1 0.973285
101900 1 0.973214
102000 1 0.973214
102100 1 0.973285
102200 1 0.973
102300 1 0.973142
102400 1 0.973142
102500 1 0.973071
102600 1 0.973214
102700 1 0.973142
102800 1 0.972928
102900 1 0.973071
103000 1 0.973071
103100 1 0.973071
103200 1 0.973285
103300 1 0.9735
103400 1 0.973285
103500 1 0.973214
103600 1 0.973285
103700 1 0.973143
103800 1 0.973357
103900 1 0.973357
104000 1 0.973285
104100 1 0.973142
104200 1 0.973142
104300 1 0.973214
104400 1 0.973214
104500 1 0.973285
104600 1 0.973143
104700 1 0.973142
104800 1 0.973143
104900 1 0.973285
105000 1 0.973143
105100 1 0.973285
105200 1 0.973142
105300 1 0.973214
105400 0.1 0.100643
105500 0.09 0.100643
105600 0.11 0.100643
105700 0.09 0.100643
105800 0.1 0.100643
105900 0.08 0.100643
106000 0.08 0.100643
106100 0.09 0.100643
106200 0.05 0.100643
106300 0.1 0.100643
106400 0.06 0.100643
106500 0.14 0.100643
106600 0.11 0.100643
106700 0.09 0.100643
106800 0.1 0.100643
106900 0.04 0.100643
107000 0.08 0.100643
107100 0.12 0.100643
107200 0.14 0.100643
107300 0.06 0.100643
107400 0.18 0.100643
107500 0.12 0.100643
107600 0.08 0.100643
107700 0.16 0.100643
107800 0.07 0.100643
107900 0.08 0.100643
108000 0.03 0.100643
108100 0.12 0.100643
108200 0.16 0.100643
108300 0.09 0.100643
108400 0.14 0.100643
108500 0.13 0.100643
108600 0.12 0.100643
108700 0.08 0.100643
108800 0.15 0.100643
108900 0.08 0.100643
109000 0.09 0.100643
109100 0.14 0.100643
109200 0.05 0.100643
109300 0.07 0.100643
109400 0.1 0.100643
109500 0.16 0.100643
109600 0.13 0.100643
109700 0.09 0.100643
109800 0.17 0.100643
109900 0.06 0.100643
110000 0.13 0.100643
110100 0.15 0.100643
110200 0.15 0.100643
110300 0.1 0.100643
110400 0.08 0.100643
110500 0.06 0.100643
110600 0.06 0.100643
110700 0.1 0.100643
110800 0.07 0.100643
110900 0.1 0.100643
111000 0.07 0.100643
111100 0.1 0.100643
111200 0.04 0.100643
111300 0.11 0.100643
111400 0.09 0.100643
111500 0.08 0.100643
111600 0.12 0.100643
111700 0.21 0.100643
111800 0.09 0.100643
111900 0.12 0.100643
112000 0.14 0.100643
112100 0.1 0.100643
112200 0.12 0.100643
112300 0.09 0.100643
112400 0.14 0.100643
112500 0.07 0.100643
112600 0.07 0.100643
112700 0.1 0.100643
112800 0.05 0.100643
112900 0.11 0.100643
113000 0.06 0.100643
113100 0.11 0.100643
113200 0.08 0.100643
113300 0.12 0.100643
113400 0.11 0.100643
113500 0.09 0.100643
113600 0.09 0.100643
113700 0.08 0.100643
113800 0.09 0.100643
113900 0.09 0.100643
114000 0.12 0.100643
114100 0.07 0.100643
114200 0.1 0.100643
114300 0.03 0.100643
114400 0.13 0.100643
114500 0.12 0.100643
114600 0.14 0.100643
114700 0.06 0.100643
114800 0.08 0.100643
114900 0.09 0.100643
115000 0.11 0.100643
115100 0.06 0.100643
115200 0.14 0.100643
115300 0.11 0.100643
115400 0.07 0.100643
115500 0.09 0.100643
115600 0.09 0.100643
115700 0.1 0.100643
115800 0.09 0.100643
115900 0.07 0.100643
116000 0.08 0.100643
116100 0.13 0.100643
116200 0.07 0.100643
116300 0.1 0.100643
116400 0.07 0.100643
116500 0.1 0.100643
116600 0.11 0.100643
116700 0.07 0.100643
116800 0.08 0.100643
116900 0.1 0.100643
117000 0.07 0.100643
117100 0.11 0.100643
117200 0.11 0.100643
117300 0.08 0.100643
117400 0.11 0.100643
117500 0.08 0.100643
117600 0.13 0.100643
117700 0.1 0.100643
117800 0.12 0.100643
117900 0.09 0.100643
118000 0.13 0.100643
118100 0.06 0.100643
118200 0.14 0.100643
118300 0.12 0.100643
118400 0.08 0.100643
118500 0.08 0.100643
118600 0.11 0.100643
118700 0.19 0.100643
118800 0.1 0.100643
118900 0.12 0.100643
119000 0.09 0.100643
119100 0.09 0.100643
119200 0.1 0.100643
119300 0.08 0.100643
119400 0.18 0.100643
119500 0.03 0.100643
119600 0.11 0.100643
119700 0.14 0.100643
119800 0.08 0.100643
119900 0.1 0.100643
120000 0.09 0.100643
120100 0.11 0.100643
120200 0.1 0.100643
120300 0.13 0.100643
120400 0.07 0.100643
120500 0.15 0.100643
120600 0.11 0.100643
120700 0.18 0.100643
120800 0.11 0.100643
120900 0.06 0.100643
121000 0.08 0.100643
121100 0.06 0.100643
121200 0.05 0.100643
121300 0.1 0.100643
121400 0.1 0.100643
121500 0.08 0.100643
121600 0.15 0.100643
121700 0.1 0.100643
121800 0.1 0.100643
121900 0.09 0.100643
122000 0.07 0.100643
122100 0.06 0.100643
122200 0.15 0.100643
122300 0.09 0.100643
122400 0.09 0.100643
122500 0.09 0.100643
122600 0.06 0.100643
122700 0.08 0.100643
122800 0.09 0.100643
122900 0.07 0.100643
123000 0.08 0.100643
123100 0.11 0.100643
123200 0.06 0.100643
123300 0.1 0.100643
123400 0.1 0.100643
123500 0.07 0.100643
123600 0.09 0.100643
123700 0.08 0.100643
123800 0.09 0.100643
123900 0.09 0.100643
124000 0.09 0.100643
124100 0.12 0.100643
124200 0.13 0.100643
124300 0.11 0.100643
124400 0.08 0.100643
124500 0.12 0.100643
124600 0.07 0.100643
124700 0.11 0.100643
124800 0.09 0.100643
124900 0.06 0.100643
125000 0.07 0.100643
125100 0.06 0.100643
125200 0.18 0.100643
125300 0.07 0.100643
125400 0.17 0.100643
125500 0.1 0.100643
125600 0.08 0.100643
125700 0.14 0.100643
125800 0.08 0.100643
125900 0.12 0.100643
126000 0.03 0.100643
126100 0.16 0.100643
126200 0.07 0.100643
126300 0.09 0.100643
126400 0.1 0.100643
126500 0.08 0.100643
126600 0.06 0.100643
126700 0.09 0.100643
126800 0.15 0.100643
126900 0.11 0.100643
127000 0.09 0.100643
127100 0.08 0.100643
127200 0.13 0.100643
127300 0.14 0.100643
127400 0.08 0.100643
127500 0.11 0.100643
127600 0.12 0.100643
127700 0.07 0.100643
127800 0.14 0.100643
127900 0.07 0.100643
128000 0.11 0.100643
128100 0.08 0.100643
128200 0.1 0.100643
128300 0.11 0.100643
128400 0.05 0.100643
128500 0.08 0.100643
128600 0.08 0.100643
128700 0.09 0.100643
128800 0.12 0.100643
128900 0.06 0.100643
129000 0.11 0.100643
129100 0.11 0.100643
129200 0.08 0.100643
129300 0.09 0.100643
129400 0.12 0.100643
129500 0.06 0.100643
129600 0.1 0.100643
129700 0.06 0.100643
129800 0.13 0.100643
129900 0.09 0.100643
130000 0.08 0.100643
130100 0.15 0.100643
130200 0.07 0.100643
130300 0.1 0.100643
130400 0.09 0.100643
130500 0.1 0.100643
130600 0.1 0.100643
130700 0.05 0.100643
130800 0.12 0.100643
130900 0.08 0.100643
131000 0.04 0.100643
131100 0.08 0.100643
131200 0.08 0.100643
131300 0.11 0.100643
131400 0.13 0.100643
131500 0.09 0.100643
131600 0.08 0.100643
131700 0.09 0.100643
131800 0.12 0.100643
131900 0.07 0.100643
132000 0.06 0.100643
132100 0.11 0.100643
132200 0.07 0.100643
132300 0.08 0.100643
132400 0.1 0.100643
132500 0.13 0.100643
132600 0.06 0.100643
132700 0.13 0.100643
132800 0.09 0.100643
132900 0.08 0.100643
133000 0.1 0.100643
133100 0.13 0.100643
133200 0.11 0.100643
133300 0.05 0.100643
133400 0.08 0.100643
133500 0.12 0.100643
133600 0.13 0.100643
133700 0.06 0.100643
133800 0.09 0.100643
133900 0.13 0.100643
134000 0.09 0.100643
134100 0.12 0.100643
134200 0.15 0.100643
134300 0.13 0.100643
134400 0.09 0.100643
134500 0.1 0.100643
134600 0.11 0.100643
134700 0.1 0.100643
134800 0.13 0.100643
134900 0.15 0.100643
135000 0.06 0.100643
135100 0.14 0.100643
135200 0.03 0.100643
135300 0.15 0.100643
135400 0.1 0.100643
135500 0.1 0.100643
135600 0.11 0.100643
135700 0.09 0.100643
135800 0.07 0.100643
135900 0.07 0.100643
136000 0.12 0.100643
136100 0.13 0.100643
136200 0.11 0.100643
136300 0.09 0.100643
136400 0.06 0.100643
136500 0.12 0.100643
136600 0.06 0.100643
136700 0.06 0.100643
136800 0.09 0.100643
136900 0.08 0.100643
137000 0.14 0.100643
137100 0.12 0.100643
137200 0.08 0.100643
137300 0.07 0.100643
137400 0.13 0.100643
137500 0.07 0.100643
137600 0.12 0.100643
137700 0.11 0.100643
137800 0.11 0.100643
137900 0.03 0.100643
138000 0.1 0.100643
138100 0.09 0.100643
138200 0.1 0.100643
138300 0.1 0.100643
138400 0.1 0.100643
138500 0.12 0.100643
138600 0.08 0.100643
138700 0.09 0.100643
138800 0.09 0.100643
138900 0.12 0.100643
139000 0.06 0.100643
139100 0.1 0.100643
139200 0.1 0.100643
139300 0.07 0.100643
139400 0.11 0.100643
139500 0.07 0.100643
139600 0.08 0.100643
139700 0.07 0.100643
139800 0.08 0.100643
139900 0.12 0.100643
140000 0.11 0.100643
140100 0.11 0.100643
140200 0.07 0.100643
140300 0.11 0.100643
140400 0.11 0.100643
140500 0.13 0.100643
140600 0.11 0.100643
140700 0.13 0.100643
140800 0.09 0.100643
140900 0.1 0.100643
141000 0.08 0.100643
141100 0.11 0.100643
141200 0.07 0.100643
141300 0.1 0.100643
141400 0.1 0.100643
141500 0.1 0.100643
141600 0.11 0.100643
141700 0.1 0.100643
141800 0.07 0.100643
141900 0.1 0.100643
142000 0.09 0.100643
142100 0.08 0.100643
142200 0.12 0.100643
142300 0.12 0.100643
142400 0.16 0.100643
142500 0.12 0.100643
142600 0.1 0.100643
142700 0.07 0.100643
142800 0.09 0.100643
142900 0.08 0.100643
143000 0.11 0.100643
143100 0.11 0.100643
143200 0.03 0.100643
143300 0.05 0.100643
143400 0.15 0.100643
143500 0.05 0.100643
143600 0.1 0.100643
143700 0.03 0.100643
143800 0.08 0.100643
143900 0.14 0.100643
144000 0.1 0.100643
144100 0.09 0.100643
144200 0.13 0.100643
144300 0.12 0.100643
144400 0.06 0.100643
144500 0.07 0.100643
144600 0.06 0.100643
144700 0.08 0.100643
144800 0.15 0.100643
144900 0.11 0.100643
145000 0.11 0.100643
145100 0.09 0.100643
145200 0.1 0.100643
145300 0.1 0.100643
145400 0.07 0.100643
145500 0.04 0.100643
145600 0.14 0.100643
145700 0.1 0.100643
145800 0.11 0.100643
145900 0.1 0.100643
146000 0.07 0.100643
146100 0.13 0.100643
146200 0.12 0.100643
146300 0.14 0.100643
146400 0.12 0.100643
146500 0.08 0.100643
146600 0.08 0.100643
146700 0.09 0.100643
146800 0.18 0.100643
146900 0.14 0.100643
147000 0.13 0.100643
147100 0.07 0.100643
147200 0.16 0.100643
147300 0.08 0.100643
147400 0.08 0.100643
147500 0.11 0.100643
147600 0.06 0.100643
147700 0.14 0.100643
147800 0.1 0.100643
147900 0.11 0.100643
148000 0.08 0.100643
148100 0.07 0.100643
148200 0.16 0.100643
148300 0.07 0.100643
148400 0.12 0.100643
148500 0.13 0.100643
148600 0.09 0.100643
148700 0.07 0.100643
148800 0.13 0.100643
148900 0.08 0.100643
149000 0.11 0.100643
149100 0.11 0.100643
149200 0.13 0.100643
149300 0.12 0.100643
149400 0.12 0.100643
149500 0.07 0.100643
149600 0.06 0.100643
149700 0.11 0.100643
149800 0.07 0.100643
149900 0.08 0.100643
150000 0.07 0.100643
150100 0.11 0.100643
150200 0.05 0.100643
150300 0.08 0.100643
150400 0.11 0.100643
150500 0.04 0.100643
150600 0.11 0.100643
150700 0.11 0.100643
150800 0.15 0.100643
150900 0.12 0.100643
151000 0.06 0.100643
151100 0.12 0.100643
151200 0.1 0.100643
151300 0.03 0.100643
151400 0.07 0.100643
151500 0.09 0.100643
151600 0.14 0.100643
151700 0.07 0.100643
151800 0.14 0.100643
151900 0.15 0.100643
152000 0.15 0.100643
152100 0.1 0.100643
152200 0.08 0.100643
152300 0.13 0.100643
152400 0.08 0.100643
152500 0.13 0.100643
152600 0.1 0.100643
152700 0.08 0.100643
152800 0.08 0.100643
152900 0.08 0.100643
153000 0.08 0.100643
153100 0.07 0.100643
153200 0.11 0.100643
153300 0.1 0.100643
153400 0.09 0.100643
153500 0.09 0.100643
153600 0.12 0.100643
153700 0.12 0.100643
153800 0.09 0.100643
153900 0.09 0.100643
154000 0.07 0.100643
154100 0.09 0.100643
154200 0.11 0.100643
154300 0.11 0.100643
154400 0.1 0.100643
154500 0.08 0.100643
154600 0.08 0.100643
154700 0.13 0.100643
154800 0.12 0.100643
154900 0.11 0.100643
155000 0.1 0.100643
155100 0.08 0.100643
155200 0.09 0.100643
155300 0.12 0.100643
155400 0.09 0.100643
155500 0.09 0.100643
155600 0.1 0.100643
155700 0.09 0.100643
155800 0.1 0.100643
155900 0.12 0.100643
156000 0.14 0.100643
156100 0.11 0.100643
156200 0.09 0.100643
156300 0.06 0.100643
156400 0.16 0.100643
156500 0.12 0.100643
156600 0.13 0.100643
156700 0.07 0.100643
156800 0.03 0.100643
156900 0.06 0.100643
157000 0.14 0.100643
157100 0.13 0.100643
157200 0.09 0.100643
157300 0.06 0.100643
157400 0.15 0.100643
157500 0.16 0.100643
157600 0.04 0.100643
157700 0.17 0.100643
157800 0.1 0.100643
157900 0.11 0.100643
158000 0.11 0.100643
158100 0.1 0.100643
158200 0.08 0.100643
158300 0.08 0.100643
158400 0.09 0.100643
158500 0.08 0.100643
158600 0.05 0.100643
158700 0.16 0.100643
158800 0.09 0.100643
158900 0.11 0.100643
159000 0.08 0.100643
159100 0.08 0.100643
159200 0.09 0.100643
159300 0.18 0.100643
159400 0.01 0.100643
159500 0.06 0.100643
159600 0.13 0.100643
159700 0.09 0.100643
159800 0.12 0.100643
159900 0.11 0.100643
160000 0.12 0.100643
160100 0.13 0.100643
160200 0.1 0.100643
160300 0.11 0.100643
160400 0.09 0.100643
160500 0.13 0.100643
160600 0.08 0.100643
160700 0.13 0.100643
160800 0.12 0.100643
160900 0.07 0.100643
161000 0.1 0.100643
161100 0.16 0.100643
161200 0.13 0.100643
161300 0.1 0.100643
161400 0.11 0.100643
161500 0.09 0.100643
161600 0.15 0.100643
161700 0.06 0.100643
161800 0.09 0.100643
161900 0.08 0.100643
162000 0.08 0.100643
162100 0.05 0.100643
162200 0.1 0.100643
162300 0.07 0.100643
162400 0.04 0.100643
162500 0.11 0.100643
162600 0.1 0.100643
162700 0.11 0.100643
162800 0.06 0.100643
162900 0.1 0.100643
163000 0.07 0.100643
163100 0.07 0.100643
163200 0.09 0.100643
163300 0.08 0.100643
163400 0.14 0.100643
163500 0.1 0.100643
163600 0.19 0.100643
163700 0.09 0.100643
163800 0.08 0.100643
163900 0.09 0.100643
164000 0.12 0.100643
164100 0.09 0.100643
164200 0.07 0.100643
164300 0.11 0.100643
164400 0.05 0.100643
164500 0.13 0.100643
164600 0.11 0.100643
164700 0.07 0.100643
164800 0.04 0.100643
164900 0.05 0.100643
165000 0.1 0.100643
165100 0.1 0.100643
165200 0.08 0.100643
165300 0.11 0.100643
165400 0.06 0.100643
165500 0.13 0.100643
165600 0.11 0.100643
165700 0.15 0.100643
165800 0.09 0.100643
165900 0.08 0.100643
166000 0.11 0.100643
166100 0.11 0.100643
166200 0.12 0.100643
166300 0.11 0.100643
166400 0.12 0.100643
166500 0.11 0.100643
166600 0.11 0.100643
166700 0.05 0.100643
166800 0.15 0.100643
166900 0.12 0.100643
167000 0.11 0.100643
167100 0.11 0.100643
167200 0.09 0.100643
167300 0.1 0.100643
167400 0.12 0.100643
167500 0.1 0.100643
167600 0.08 0.100643
167700 0.09 0.100643
167800 0.12 0.100643
167900 0.12 0.100643
168000 0.15 0.100643
168100 0.1 0.100643
168200 0.07 0.100643
168300 0.11 0.100643
168400 0.12 0.100643
168500 0.05 0.100643
168600 0.05 0.100643
168700 0.11 0.100643
168800 0.08 0.100643
168900 0.08 0.100643
169000 0.05 0.100643
169100 0.12 0.100643
169200 0.07 0.100643
169300 0.09 0.100643
169400 0.08 0.100643
169500 0.13 0.100643
169600 0.07 0.100643
169700 0.11 0.100643
169800 0.13 0.100643
169900 0.09 0.100643
170000 0.11 0.100643
170100 0.13 0.100643
170200 0.11 0.100643
170300 0.06 0.100643
170400 0.09 0.100643
170500 0.07 0.100643
170600 0.1 0.100643
170700 0.08 0.100643
170800 0.11 0.100643
170900 0.1 0.100643
171000 0.07 0.100643
171100 0.07 0.100643
171200 0.09 0.100643
171300 0.07 0.100643
171400 0.12 0.100643
171500 0.05 0.100643
171600 0.06 0.100643
171700 0.06 0.100643
171800 0.13 0.100643
171900 0.05 0.100643
172000 0.07 0.100643
172100 0.16 0.100643
172200 0.1 0.100643
172300 0.06 0.100643
172400 0.1 0.100643
172500 0.16 0.100643
172600 0.09 0.100643
172700 0.09 0.100643
172800 0.07 0.100643
172900 0.13 0.100643
173000 0.15 0.100643
173100 0.1 0.100643
173200 0.07 0.100643
173300 0.11 0.100643
173400 0.1 0.100643
173500 0.11 0.100643
173600 0.12 0.100643
173700 0.09 0.100643
173800 0.12 0.100643
173900 0.1 0.100643
174000 0.13 0.100643
174100 0.06 0.100643
174200 0.15 0.100643
174300 0.11 0.100643
174400 0.12 0.100643
174500 0.17 0.100643
174600 0.08 0.100643
174700 0.11 0.100643
174800 0.11 0.100643
174900 0.08 0.100643
175000 0.14 0.100643
175100 0.13 0.100643
175200 0.15 0.100643
175300 0.05 0.100643
175400 0.07 0.100643
175500 0.08 0.100643
175600 0.13 0.100643
175700 0.14 0.100643
175800 0.06 0.100643
175900 0.12 0.100643
176000 0.07 0.100643
176100 0.1 0.100643
176200 0.07 0.100643
176300 0.07 0.100643
176400 0.06 0.100643
176500 0.05 0.100643
176600 0.05 0.100643
176700 0.15 0.100643
176800 0.13 0.100643
176900 0.11 0.100643
177000 0.09 0.100643
177100 0.12 0.100643
177200 0.15 0.100643
177300 0.11 0.100643
177400 0.1 0.100643
177500 0.12 0.100643
177600 0.11 0.100643
177700 0.07 0.100643
177800 0.1 0.100643
177900 0.08 0.100643
178000 0.08 0.100643
178100 0.08 0.100643
178200 0.07 0.100643
178300 0.12 0.100643
178400 0.1 0.100643
178500 0.04 0.100643
178600 0.15 0.100643
178700 0.12 0.100643
178800 0.07 0.100643
178900 0.08 0.100643
179000 0.07 0.100643
179100 0.09 0.100643
179200 0.09 0.100643
179300 0.1 0.100643
179400 0.09 0.100643
179500 0.16 0.100643
179600 0.11 0.100643
179700 0.08 0.100643
179800 0.09 0.100643
179900 0.08 0.100643
180000 0.09 0.100643
180100 0.06 0.100643
180200 0.08 0.100643
180300 0.13 0.100643
180400 0.07 0.100643
180500 0.09 0.100643
180600 0.14 0.100643
180700 0.18 0.100643
180800 0.05 0.100643
180900 0.11 0.100643
181000 0.11 0.100643
181100 0.11 0.100643
181200 0.09 0.100643
181300 0.11 0.100643
181400 0.1 0.100643
181500 0.1 0.100643
181600 0.07 0.100643
181700 0.06 0.100643
181800 0.1 0.100643
181900 0.13 0.100643
182000 0.09 0.100643
182100 0.09 0.100643
182200 0.1 0.100643
182300 0.08 0.100643
182400 0.09 0.100643
182500 0.15 0.100643
182600 0.15 0.100643
182700 0.07 0.100643
182800 0.09 0.100643
182900 0.1 0.100643
183000 0.12 0.100643
183100 0.09 0.100643
183200 0.11 0.100643
183300 0.08 0.100643
183400 0.08 0.100643
183500 0.08 0.100643
183600 0.15 0.100643
183700 0.08 0.100643
183800 0.06 0.100643
183900 0.11 0.100643
184000 0.06 0.100643
184100 0.14 0.100643
184200 0.18 0.100643
184300 0.08 0.100643
184400 0.09 0.100643
184500 0.08 0.100643
184600 0.06 0.100643
184700 0.11 0.100643
184800 0.09 0.100643
184900 0.08 0.100643
185000 0.1 0.100643
185100 0.1 0.100643
185200 0.07 0.100643
185300 0.1 0.100643
185400 0.06 0.100643
185500 0.08 0.100643
185600 0.09 0.100643
185700 0.08 0.100643
185800 0.11 0.100643
185900 0.11 0.100643
186000 0.11 0.100643
186100 0.08 0.100643
186200 0.08 0.100643
186300 0.13 0.100643
186400 0.09 0.100643
186500 0.13 0.100643
186600 0.07 0.100643
186700 0.09 0.100643
186800 0.07 0.100643
186900 0.1 0.100643
187000 0.05 0.100643
187100 0.14 0.100643
187200 0.14 0.100643
187300 0.12 0.100643
187400 0.14 0.100643
187500 0.07 0.100643
187600 0.13 0.100643
187700 0.09 0.100643
187800 0.07 0.100643
187900 0.13 0.100643
188000 0.07 0.100643
188100 0.07 0.100643
188200 0.12 0.100643
188300 0.1 0.100643
188400 0.11 0.100643
188500 0.09 0.100643
188600 0.09 0.100643
188700 0.14 0.100643
188800 0.13 0.100643
188900 0.09 0.100643
189000 0.11 0.100643
189100 0.11 0.100643
189200 0.12 0.100643
189300 0.1 0.100643
189400 0.05 0.100643
189500 0.1 0.100643
189600 0.06 0.100643
189700 0.12 0.100643
189800 0.12 0.100643
189900 0.13 0.100643
190000 0.14 0.100643
190100 0.12 0.100643
190200 0.12 0.100643
190300 0.11 0.100643
190400 0.13 0.100643
190500 0.07 0.100643
190600 0.11 0.100643
190700 0.12 0.100643
190800 0.07 0.100643
190900 0.09 0.100643
191000 0.14 0.100643
191100 0.12 0.100643
191200 0.12 0.100643
191300 0.14 0.100643
191400 0.12 0.100643
191500 0.13 0.100643
191600 0.08 0.100643
191700 0.1 0.100643
191800 0.13 0.100643
191900 0.13 0.100643
192000 0.11 0.100643
192100 0.12 0.100643
192200 0.11 0.100643
192300 0.06 0.100643
192400 0.1 0.100643
192500 0.11 0.100643
192600 0.16 0.100643
192700 0.1 0.100643
192800 0.04 0.100643
192900 0.13 0.100643
193000 0.1 0.100643
193100 0.19 0.100643
193200 0.06 0.100643
193300 0.11 0.100643
193400 0.07 0.100643
193500 0.1 0.100643
193600 0.15 0.100643
193700 0.08 0.100643
193800 0.11 0.100643
193900 0.07 0.100643
194000 0.08 0.100643
194100 0.07 0.100643
194200 0.1 0.100643
194300 0.04 0.100643
194400 0.1 0.100643
194500 0.13 0.100643
194600 0.1 0.100643
194700 0.05 0.100643
194800 0.04 0.100643
194900 0.15 0.100643
195000 0.09 0.100643
195100 0.1 0.100643
195200 0.04 0.100643
195300 0.1 0.100643
195400 0.12 0.100643
195500 0.11 0.100643
195600 0.09 0.100643
195700 0.07 0.100643
195800 0.13 0.100643
195900 0.12 0.100643
196000 0.09 0.100643
196100 0.08 0.100643
196200 0.12 0.100643
196300 0.1 0.100643
196400 0.07 0.100643
196500 0.07 0.100643
196600 0.11 0.100643
196700 0.12 0.100643
196800 0.07 0.100643
196900 0.1 0.100643
197000 0.13 0.100643
197100 0.1 0.100643
197200 0.1 0.100643
197300 0.1 0.100643
197400 0.13 0.100643
197500 0.13 0.100643
197600 0.13 0.100643
197700 0.12 0.100643
197800 0.14 0.100643
197900 0.1 0.100643
198000 0.08 0.100643
198100 0.09 0.100643
198200 0.08 0.100643
198300 0.13 0.100643
198400 0.1 0.100643
198500 0.03 0.100643
198600 0.14 0.100643
198700 0.13 0.100643
198800 0.1 0.100643
198900 0.08 0.100643
199000 0.09 0.100643
199100 0.12 0.100643
199200 0.1 0.100643
199300 0.08 0.100643
199400 0.07 0.100643
199500 0.11 0.100643
199600 0.1 0.100643
199700 0.1 0.100643
199800 0.07 0.100643
199900 0.07 0.100643
