
0 0.22 0.174357
100 0.8 0.861857
200 0.98 0.896285
300 0.98 0.923
400 0.98 0.928
500 0.97 0.935
600 0.98 0.9345
700 0.97 0.942571
800 0.95 0.9455
900 0.98 0.947
1000 0.98 0.953
1100 0.99 0.953285
1200 0.99 0.9515
1300 0.98 0.954642
1400 0.97 0.954428
1500 0.99 0.954714
1600 1 0.959285
1700 1 0.958857
1800 1 0.961142
1900 0.99 0.963
2000 0.99 0.964
2100 1 0.964642
2200 1 0.963642
2300 1 0.964143
2400 1 0.965142
2500 1 0.964785
2600 1 0.966
2700 0.99 0.965428
2800 1 0.966928
2900 1 0.968642
3000 1 0.967571
3100 1 0.967
3200 1 0.967285
3300 1 0.968071
3400 1 0.967357
3500 0.99 0.967643
3600 1 0.968
3700 1 0.968428
3800 1 0.969857
3900 1 0.969071
4000 1 0.969071
4100 1 0.968785
4200 1 0.969643
4300 1 0.97
4400 1 0.9675
4500 1 0.970714
4600 1 0.970428
4700 1 0.971357
4800 1 0.971142
4900 1 0.970714
5000 1 0.970428
5100 0.99 0.969071
5200 1 0.970785
5300 1 0.9715
5400 1 0.971785
5500 1 0.971428
5600 1 0.971857
5700 1 0.972071
5800 1 0.971
5900 1 0.971714
6000 1 0.971214
6100 1 0.971857
6200 1 0.971357
6300 1 0.972642
6400 1 0.972071
6500 1 0.971928
6600 1 0.971714
6700 1 0.971714
6800 1 0.971
6900 1 0.971571
7000 1 0.971714
7100 0.99 0.971142
7200 1 0.972428
7300 1 0.972142
7400 1 0.971571
7500 1 0.971642
7600 1 0.971928
7700 1 0.971928
7800 1 0.972214
7900 1 0.972642
8000 1 0.9725
8100 1 0.971642
8200 1 0.971142
8300 1 0.972357
8400 1 0.9715
8500 1 0.972357
8600 1 0.972214
8700 1 0.9725
8800 1 0.972
8900 1 0.972571
9000 1 0.972214
9100 1 0.972214
9200 1 0.972285
9300 1 0.972214
9400 1 0.972571
9500 1 0.973
9600 1 0.9725
9700 1 0.971857
9800 1 0.972714
9900 1 0.972357
10000 1 0.973071
10100 1 0.972642
10200 1 0.972357
10300 1 0.972714
10400 1 0.972142
10500 1 0.972571
10600 1 0.972928
10700 1 0.973071
10800 1 0.9735
10900 1 0.973357
11000 1 0.972857
11100 1 0.972642
11200 1 0.972928
11300 1 0.973
11400 1 0.973714
11500 1 0.973285
11600 1 0.972857
11700 1 0.973071
11800 1 0.972142
11900 1 0.9725
12000 1 0.973214
12100 1 0.973
12200 1 0.973285
12300 1 0.972714
12400 1 0.973571
12500 1 0.973285
12600 1 0.973
12700 1 0.9735
12800 1 0.973
12900 1 0.972928
13000 1 0.973142
13100 1 0.972714
13200 1 0.973285
13300 1 0.972785
13400 1 0.973071
13500 1 0.972928
13600 1 0.9735
13700 1 0.973428
13800 1 0.972928
13900 1 0.972714
14000 1 0.973714
14100 1 0.972785
14200 1 0.973
14300 1 0.972857
14400 1 0.973142
14500 1 0.973
14600 1 0.972928
14700 1 0.973285
14800 1 0.973214
14900 1 0.973142
15000 1 0.972714
15100 1 0.973214
15200 1 0.972785
15300 1 0.973
15400 1 0.973285
15500 1 0.973142
15600 1 0.973214
15700 1 0.973142
15800 1 0.973357
15900 1 0.973642
16000 1 0.973428
16100 1 0.973
16200 1 0.973071
16300 1 0.973142
16400 1 0.973214
16500 1 0.973142
16600 1 0.973071
16700 1 0.973285
16800 1 0.972928
16900 1 0.973428
17000 1 0.973357
17100 1 0.973428
17200 1 0.973214
17300 1 0.9735
17400 1 0.973071
17500 1 0.973
17600 1 0.973071
17700 1 0.972928
17800 1 0.972857
17900 1 0.973142
18000 1 0.973214
18100 1 0.973357
18200 1 0.972857
18300 1 0.973142
18400 1 0.972571
18500 1 0.973214
18600 1 0.973571
18700 1 0.973285
18800 1 0.9735
18900 1 0.972928
19000 1 0.973428
19100 1 0.973214
19200 1 0.973
19300 1 0.973571
19400 1 0.973142
19500 1 0.973214
19600 1 0.973071
19700 1 0.973142
19800 1 0.973071
19900 1 0.973
20000 1 0.973142
20100 1 0.973214
20200 1 0.972714
20300 1 0.973285
20400 1 0.973071
20500 1 0.973
20600 1 0.973428
20700 1 0.973142
20800 1 0.972714
20900 1 0.973285
21000 1 0.973285
21100 1 0.973142
21200 1 0.973142
21300 1 0.973
21400 1 0.973142
21500 1 0.973142
21600 1 0.973071
21700 1 0.973357
21800 1 0.973428
21900 1 0.973642
22000 1 0.973428
22100 1 0.973642
22200 1 0.973357
22300 1 0.973357
22400 1 0.9735
22500 1 0.973428
22600 1 0.973142
22700 1 0.973571
22800 1 0.973357
22900 1 0.973285
23000 1 0.973428
23100 1 0.973142
23200 1 0.973428
23300 1 0.9735
23400 1 0.973071
23500 1 0.973642
23600 1 0.973285
23700 1 0.973142
23800 1 0.973285
23900 1 0.973357
24000 1 0.973214
24100 1 0.973142
24200 1 0.972928
24300 1 0.973
24400 1 0.973571
24500 1 0.973285
24600 1 0.973214
24700 1 0.973214
24800 1 0.973142
24900 1 0.973
25000 1 0.973071
25100 1 0.973428
25200 1 0.973214
25300 1 0.973357
25400 1 0.973142
25500 1 0.973142
25600 1 0.973
25700 1 0.973142
25800 1 0.973285
25900 1 0.973571
26000 1 0.973214
26100 1 0.972928
26200 1 0.972928
26300 1 0.973071
26400 1 0.973071
26500 1 0.973214
26600 1 0.973285
26700 1 0.973214
26800 1 0.973428
26900 1 0.973142
27000 1 0.973142
27100 1 0.973
27200 1 0.972928
27300 1 0.973143
27400 1 0.973
27500 1 0.973214
27600 1 0.973142
27700 1 0.973428
27800 1 0.973142
27900 1 0.973357
28000 1 0.973214
28100 1 0.973357
28200 1 0.973142
28300 1 0.973428
28400 1 0.973428
28500 1 0.973142
28600 1 0.973714
28700 1 0.973285
28800 1 0.9735
28900 1 0.973
29000 1 0.973642
29100 1 0.973285
29200 1 0.973071
29300 1 0.973142
29400 1 0.973142
29500 1 0.973071
29600 1 0.973071
29700 1 0.973285
29800 1 0.973
29900 1 0.973357
30000 1 0.973142
30100 1 0.973285
30200 1 0.973285
30300 1 0.973071
30400 1 0.973285
30500 1 0.973214
30600 1 0.973214
30700 1 0.973071
30800 1 0.973571
30900 1 0.973785
31000 1 0.973142
31100 1 0.973428
31200 1 0.973142
31300 1 0.973571
31400 1 0.973214
31500 1 0.973285
31600 1 0.973357
31700 1 0.973285
31800 1 0.9735
31900 1 0.973214
32000 1 0.9735
32100 1 0.973357
32200 1 0.973357
32300 1 0.973428


0 0.27 0.180143
100 0.87 0.867785
200 0.92 0.906071
300 0.92 0.917857
400 0.96 0.926571
500 0.93 0.936357
600 0.93 0.934142
700 0.98 0.943
800 0.97 0.945428
900 0.97 0.945642
1000 0.99 0.950428
1100 0.98 0.951714
1200 0.98 0.955142
1300 0.99 0.9515
1400 0.99 0.955857
1500 0.96 0.957285
1600 0.99 0.9585
1700 0.98 0.960142
1800 0.99 0.959571
1900 0.99 0.960857
2000 1 0.960428
2100 1 0.961714
2200 0.99 0.963142
2300 1 0.9635
2400 1 0.963428
2500 1 0.964571
2600 0.98 0.966785
2700 0.99 0.9645
2800 0.97 0.9655
2900 0.98 0.966357
3000 1 0.967642
3100 0.99 0.965785
3200 1 0.967714
3300 0.99 0.967285
3400 1 0.967
3500 1 0.968071
3600 0.99 0.967357
3700 1 0.969571
3800 1 0.970071
3900 1 0.968642
4000 1 0.969214
4100 0.99 0.968928
4200 1 0.9695
4300 0.99 0.970785
4400 1 0.970285
4500 1 0.971214
4600 1 0.970928
4700 1 0.971642
4800 1 0.971428
4900 1 0.971214
5000 1 0.971642
5100 1 0.971428
5200 1 0.972071
5300 1 0.973428
5400 1 0.972357
5500 1 0.972357
5600 1 0.972142
5700 1 0.972857
5800 1 0.972857
5900 1 0.972928
6000 0.99 0.972857
6100 1 0.972857
6200 1 0.972642
6300 1 0.973571
6400 1 0.973714
6500 1 0.973643
6600 1 0.972428
6700 1 0.973571
6800 1 0.974571
6900 1 0.972928
7000 1 0.973428
7100 1 0.974571
7200 1 0.973642
7300 1 0.974
7400 1 0.974142
7500 1 0.973214
7600 1 0.974142
7700 1 0.974428
7800 1 0.973928
7900 1 0.974285
8000 1 0.974714
8100 1 0.9755
8200 1 0.974285
8300 1 0.974142
8400 1 0.973357
8500 1 0.974785
8600 1 0.974857
8700 1 0.974428
8800 1 0.975357
8900 1 0.975642
9000 1 0.974642
9100 1 0.975642
9200 1 0.975071
9300 1 0.974571
9400 1 0.975214
9500 1 0.975357
9600 1 0.973357
9700 1 0.974571
9800 1 0.975071
9900 1 0.974785
10000 1 0.974642
10100 1 0.974428
10200 1 0.975642
10300 1 0.975142
10400 1 0.976285
10500 1 0.975142
10600 1 0.974428
10700 1 0.974928
10800 1 0.975357
10900 1 0.974857
11000 1 0.975285
11100 1 0.975357
11200 1 0.975571
11300 1 0.976071
11400 1 0.975785
11500 1 0.976857
11600 1 0.976
11700 1 0.9765
11800 1 0.976285
11900 1 0.976571
12000 1 0.975714
12100 1 0.975857
12200 1 0.975714
12300 1 0.975285
12400 1 0.974642
12500 1 0.9755
12600 1 0.975714
12700 1 0.975571
12800 1 0.975071
12900 1 0.974857
13000 1 0.976071
13100 1 0.975357
13200 1 0.975428
13300 1 0.976285
13400 1 0.976214
13500 1 0.975928
13600 1 0.976428
13700 1 0.976285
13800 1 0.976642
13900 1 0.976214
14000 1 0.975928
14100 1 0.9755
14200 1 0.976857
14300 1 0.9765
14400 1 0.976071
14500 1 0.976
14600 1 0.976071
14700 1 0.975857
14800 1 0.976357
14900 1 0.976785
15000 1 0.976357
15100 1 0.976142
15200 1 0.976071
15300 1 0.9755
15400 1 0.976142
15500 1 0.976142
15600 1 0.976214
15700 1 0.976071
15800 1 0.975928
15900 1 0.975642
16000 1 0.9755
16100 1 0.975571
16200 1 0.976214
16300 1 0.976071
16400 1 0.976428
16500 1 0.976857
16600 1 0.977071
16700 1 0.975928
16800 1 0.976142
16900 1 0.976071
17000 1 0.974714
17100 1 0.976071
17200 1 0.976428
17300 1 0.9765
17400 1 0.975643
17500 1 0.976142
17600 1 0.975999
17700 1 0.976214
17800 1 0.9765
17900 1 0.976428
18000 1 0.976714
18100 1 0.976714
18200 1 0.976571
18300 1 0.9775
18400 1 0.977142
18500 1 0.975642
18600 1 0.976714
18700 1 0.975785
18800 1 0.976642
18900 1 0.977071
19000 1 0.9765
19100 1 0.976357
19200 1 0.976142
19300 1 0.976285
19400 1 0.976285
19500 1 0.976785
19600 1 0.975714
19700 1 0.976857
19800 1 0.975428
19900 1 0.977285
20000 1 0.975928
20100 1 0.975928
20200 1 0.976142
20300 1 0.976071
20400 1 0.9765
20500 1 0.976928
20600 1 0.9765
20700 1 0.976357
20800 1 0.976571
20900 1 0.976857
21000 1 0.977428
21100 1 0.976928
21200 1 0.976285
21300 1 0.977071
21400 1 0.976642
21500 1 0.976571
21600 1 0.976857
21700 1 0.976285
21800 1 0.9765
21900 1 0.976428
22000 1 0.977285
22100 1 0.976571
22200 1 0.977071
22300 1 0.976928
22400 1 0.976714
22500 1 0.9775
22600 1 0.976214
22700 1 0.975928
22800 1 0.976071
22900 1 0.976928
23000 1 0.975785
23100 1 0.977071
23200 1 0.977357
23300 1 0.976857
23400 1 0.977071
23500 1 0.977785
23600 1 0.976285
23700 1 0.976142
23800 1 0.977071
23900 0.12 0.0995714
24000 0.13 0.0995714
24100 0.09 0.0995714
24200 0.05 0.0995714
24300 0.08 0.0995714
24400 0.09 0.0995714
24500 0.09 0.0995714
24600 0.1 0.0995714
24700 0.12 0.0995714
24800 0.04 0.0995714
24900 0.06 0.0995714
25000 0.09 0.0995714
25100 0.06 0.0995714
25200 0.12 0.0995714
25300 0.08 0.0995714
25400 0.13 0.0995714
25500 0.09 0.0995714
25600 0.02 0.0995714
25700 0.15 0.0995714
25800 0.12 0.0995714
25900 0.1 0.0995714
26000 0.1 0.0995714
26100 0.08 0.0995714
26200 0.08 0.0995714
26300 0.13 0.0995714
26400 0.13 0.0995714
26500 0.1 0.0995714
26600 0.11 0.0995714
26700 0.1 0.0995714
26800 0.11 0.0995714
26900 0.11 0.0995714
27000 0.09 0.0995714
27100 0.11 0.0995714
27200 0.12 0.0995714
27300 0.08 0.0995714
27400 0.13 0.0995714
27500 0.06 0.0995714
27600 0.14 0.0995714
27700 0.06 0.0995714
27800 0.09 0.0995714
27900 0.1 0.0995714
28000 0.13 0.0995714
28100 0.11 0.0995714
28200 0.15 0.0995714
28300 0.15 0.0995714
28400 0.13 0.0995714
28500 0.06 0.0995714
28600 0.09 0.0995714
28700 0.11 0.0995714
28800 0.07 0.0995714
28900 0.1 0.0995714
29000 0.08 0.0995714

0 0.11 0.120071
100 0.87 0.824714
200 0.91 0.868357
300 0.94 0.892285
400 0.9 0.903928
500 0.93 0.9105
600 0.93 0.914714
700 0.95 0.919214
800 0.93 0.924
900 0.93 0.926
1000 0.99 0.929285
1100 0.92 0.933357
1200 0.92 0.9365
1300 0.95 0.935214
1400 0.97 0.939785
1500 0.97 0.941642
1600 0.97 0.944214
1700 0.98 0.943642
1800 0.96 0.9465
1900 0.99 0.948714
2000 0.99 0.949714
2100 0.97 0.949642
2200 0.99 0.95
2300 0.94 0.952285
2400 0.97 0.9525
2500 0.96 0.954143
2600 0.99 0.953642
2700 0.98 0.955142
2800 0.98 0.954642
2900 0.94 0.957214
3000 0.99 0.956785
3100 0.94 0.956643
3200 0.98 0.958714
3300 0.98 0.959
3400 0.99 0.959214
3500 0.98 0.960071
3600 0.96 0.960071
3700 0.99 0.960571
3800 0.99 0.960428
3900 0.97 0.960928
4000 0.98 0.961214
4100 0.97 0.962928
4200 0.99 0.963285
4300 0.99 0.964071
4400 0.97 0.963071
4500 1 0.962571
4600 0.97 0.963714
4700 0.99 0.964142
4800 1 0.963857
4900 0.99 0.964071
5000 0.99 0.9645
5100 0.99 0.965428
5200 0.98 0.963428
5300 1 0.965214
5400 0.98 0.965285
5500 0.95 0.965428
5600 0.98 0.965928
5700 0.97 0.963642
5800 0.98 0.965
5900 1 0.967071
6000 0.07 0.0993571
6100 0.09 0.0993571
6200 0.08 0.0993571
6300 0.06 0.0993571
6400 0.08 0.0993571
6500 0.12 0.0993571
6600 0.15 0.0993571
6700 0.06 0.0993571
6800 0.11 0.0993571
6900 0.06 0.0993571
7000 0.1 0.0993571
7100 0.06 0.0993571
7200 0.07 0.0993571
7300 0.07 0.0993571
7400 0.1 0.0993571

0 0.18 0.143071
100 0.84 0.846143
200 0.88 0.879714
300 0.96 0.887143
400 0.91 0.899643
500 0.91 0.909928
600 0.96 0.914214
700 0.92 0.916142
800 0.98 0.921214
900 0.96 0.926643
1000 0.96 0.930142
1100 0.93 0.932928
1200 0.91 0.937
1300 0.94 0.938571
1400 0.98 0.942071
1500 0.97 0.942071
1600 0.91 0.944928
1700 0.95 0.947285
1800 0.98 0.948071
1900 0.95 0.95
2000 0.99 0.951214
2100 0.98 0.950785
2200 0.94 0.952642
2300 0.99 0.953428
2400 0.99 0.954643
2500 0.99 0.954214
2600 0.95 0.9575
2700 0.97 0.956928
2800 0.97 0.958
2900 0.98 0.959
3000 0.98 0.96
3100 0.99 0.959714
3200 0.99 0.959714
3300 0.96 0.961357
3400 0.98 0.961214
3500 0.99 0.962071
3600 0.98 0.963285
3700 0.96 0.9625
3800 0.98 0.962857
3900 0.97 0.963142
4000 0.99 0.963143
4100 0.96 0.9645
4200 0.97 0.965428
4300 0.99 0.965928
4400 0.94 0.966
4500 0.97 0.967142
4600 0.99 0.967714
4700 0.97 0.966428
4800 0.98 0.966928
4900 0.99 0.967
5000 0.98 0.967857
5100 0.97 0.968428
5200 0.99 0.967928
5300 0.98 0.9695
5400 0.96 0.968285
5500 1 0.969071
5600 0.99 0.968714
5700 1 0.969857
5800 0.99 0.9705
5900 0.99 0.969642
6000 1 0.969928
6100 0.99 0.970357
6200 0.98 0.969714
6300 0.99 0.970999
6400 1 0.971214
6500 0.99 0.972
6600 1 0.970142
6700 0.99 0.970785
6800 1 0.971142
6900 0.99 0.971714
7000 1 0.970714
7100 0.99 0.970214
7200 1 0.971214
7300 1 0.971857
7400 0.99 0.972142
7500 0.97 0.971928
7600 0.99 0.972642
7700 1 0.972
7800 0.99 0.972071
7900 0.99 0.973071
8000 1 0.972714
8100 1 0.972214
8200 0.99 0.972428
8300 0.99 0.972285
8400 0.09 0.0986429
8500 0.09 0.0986429
8600 0.1 0.0986429
8700 0.11 0.0986429
8800 0.13 0.0986428
8900 0.1 0.0986428
9000 0.08 0.0986428
9100 0.08 0.0986428
9200 0.13 0.0986429
9300 0.12 0.0986428
9400 0.11 0.0986429
9500 0.16 0.0986429
9600 0.15 0.0986428
9700 0.07 0.0986428
9800 0.07 0.0986429
9900 0.13 0.0986429
10000 0.06 0.0986429
10100 0.1 0.0986428
10200 0.1 0.0986428
10300 0.09 0.0986429
10400 0.11 0.0986429
10500 0.05 0.0986428
10600 0.1 0.0986429
10700 0.12 0.0986429
10800 0.11 0.0986428
10900 0.09 0.0986429
11000 0.05 0.0986428
11100 0.02 0.0986429
11200 0.13 0.0986428
11300 0.03 0.0986428
11400 0.07 0.0986429
11500 0.08 0.0986428
11600 0.08 0.0986429
11700 0.1 0.0986429
11800 0.06 0.0986429
11900 0.08 0.0986429
12000 0.08 0.0986428

0 0.16 0.114429
100 0.83 0.847143
200 0.84 0.878785
300 0.93 0.8945
400 0.95 0.900785
500 0.9 0.913357
600 0.95 0.917857
700 0.92 0.921857
800 0.97 0.923857
900 0.94 0.930571
1000 0.95 0.933
1100 0.95 0.933714
1200 0.95 0.936714
1300 0.99 0.940857
1400 0.96 0.938571
1500 0.98 0.942428
1600 0.96 0.944071
1700 0.97 0.947142
1800 0.98 0.947214
1900 0.94 0.948285
2000 0.96 0.948714
2100 0.97 0.952
2200 0.97 0.952071
2300 0.96 0.9535
2400 0.98 0.955071
2500 0.98 0.955142
2600 0.98 0.955857
2700 0.99 0.9545
2800 0.99 0.955714
2900 0.99 0.956857
3000 0.97 0.956857
3100 0.99 0.957785
3200 0.97 0.958428
3300 0.99 0.959071
3400 0.11 0.0987857
3500 0.13 0.0987857
3600 0.1 0.0987857
3700 0.06 0.0987857
3800 0.11 0.0987857
3900 0.11 0.0987857
4000 0.08 0.0987857

0 0.17 0.104071
100 0.9 0.8285
200 0.84 0.864714
300 0.89 0.890714
400 0.89 0.904142
500 0.91 0.914785
600 0.94 0.918143
700 0.92 0.925928
800 0.9 0.931857
900 0.99 0.933357
1000 0.94 0.937357
1100 0.93 0.941285
1200 0.97 0.940571
1300 0.96 0.942571
1400 0.93 0.947928
1500 0.99 0.947857
1600 0.95 0.947928
1700 0.95 0.951
1800 0.96 0.947785
1900 0.98 0.952857
2000 0.96 0.953357
2100 0.96 0.954428
2200 0.94 0.955642
2300 0.96 0.957285
2400 0.99 0.957214
2500 0.99 0.9565
2600 1 0.957571
2700 1 0.956928
2800 0.96 0.957785
2900 0.98 0.957571
3000 0.95 0.958357
3100 0.99 0.960214
3200 0.98 0.960357
3300 0.97 0.960571
3400 0.99 0.960285
3500 0.98 0.961928
3600 0.98 0.963214
3700 1 0.962642
3800 0.98 0.963428
3900 0.99 0.963285
4000 0.98 0.963928
4100 0.99 0.964071
4200 0.98 0.963571
4300 0.99 0.963928
4400 0.98 0.964928
4500 0.99 0.965142
4600 1 0.964142
4700 0.98 0.965642
4800 1 0.966928
4900 0.99 0.966785
5000 0.99 0.967
5100 1 0.967071
5200 0.99 0.968
5300 1 0.967285
5400 0.98 0.968
5500 0.99 0.966785
5600 0.98 0.967571
5700 1 0.968714
5800 0.98 0.968642
5900 0.97 0.9685
6000 1 0.967428
6100 0.07 0.0982143
6200 0.1 0.0982143
6300 0.12 0.0982143
6400 0.09 0.0982143
6500 0.09 0.0982143
6600 0.1 0.0982143
6700 0.1 0.0982143
6800 0.05 0.0982143
6900 0.14 0.0982143
7000 0.06 0.0982143
7100 0.11 0.0982143
7200 0.06 0.0982143

0 0.1 0.100214
100 0.29 0.259071
200 0.41 0.332143
300 0.48 0.462286
400 0.57 0.551643
500 0.53 0.553929
600 0.53 0.606286
700 0.61 0.603357
800 0.1 0.0975
900 0.11 0.0975
1000 0.08 0.0975
1100 0.08 0.0975
1200 0.09 0.0975
1300 0.11 0.0975

0 0.37 0.2585
100 0.9 0.867
200 0.91 0.898785
300 0.92 0.913857
400 0.93 0.9225
500 0.97 0.9265
600 0.98 0.933643
700 0.94 0.935571
800 0.98 0.939857
900 0.92 0.942357
1000 0.97 0.9465
1100 0.95 0.948428
1200 0.95 0.952071
1300 0.93 0.951214
1400 0.99 0.953357
1500 0.98 0.956428
1600 0.99 0.956642
1700 1 0.956071
1800 0.98 0.956428
1900 0.99 0.957214
2000 0.98 0.959428
2100 0.99 0.9605
2200 0.98 0.959714
2300 0.98 0.962357
2400 0.99 0.961142
2500 0.98 0.962214
2600 0.97 0.963928
2700 0.99 0.963857
2800 0.98 0.962928
2900 1 0.964571
3000 0.99 0.965285
3100 1 0.964857
3200 0.99 0.964285
3300 0.99 0.965571
3400 1 0.965071
3500 0.99 0.9665
3600 1 0.967071
3700 1 0.9665
3800 0.99 0.967714
3900 0.99 0.968285
4000 0.99 0.967428
4100 0.99 0.967785
4200 0.99 0.968142
4300 0.97 0.969
4400 1 0.969071
4500 0.99 0.969
4600 0.99 0.968928
4700 0.99 0.969071
4800 0.99 0.969214
4900 1 0.969357
5000 1 0.968928
5100 1 0.969785
5200 1 0.969785
5300 1 0.968785
5400 0.99 0.969857
5500 1 0.969
5600 0.99 0.969285
5700 1 0.969428
5800 1 0.970285
5900 0.99 0.970642
6000 1 0.970857
6100 1 0.970071
6200 1 0.969785
6300 1 0.969785
6400 1 0.970214
6500 1 0.970142
6600 1 0.971285
6700 1 0.971642
6800 1 0.971071
6900 1 0.972071
7000 1 0.971642
7100 0.99 0.971785
7200 1 0.972357
7300 1 0.972071
7400 1 0.970857
7500 1 0.971785
7600 1 0.972214
7700 1 0.971357
7800 1 0.972071
7900 1 0.971642
8000 1 0.972928
8100 0.99 0.971285
8200 0.99 0.9715
8300 1 0.971357
8400 1 0.971571
8500 1 0.972785
8600 1 0.972071
8700 1 0.971857
8800 1 0.972142
8900 1 0.972142
9000 1 0.972142
9100 1 0.973285
9200 1 0.972857
9300 0.99 0.971928
9400 1 0.972857
9500 1 0.972785
9600 1 0.973
9700 1 0.972785
9800 1 0.972928
9900 1 0.972071
10000 0.99 0.973214
10100 1 0.973643
10200 1 0.973285
10300 1 0.973714
10400 1 0.972285
10500 1 0.973285
10600 1 0.972857
10700 1 0.973714
10800 1 0.974071
10900 1 0.974285
11000 1 0.974357
11100 1 0.974071
11200 1 0.974214
11300 1 0.973571
11400 1 0.973
11500 1 0.973214
11600 1 0.974428
11700 1 0.974142
11800 1 0.974357
11900 1 0.974
12000 1 0.974214
12100 1 0.974071
12200 1 0.974142
12300 1 0.974285
12400 1 0.974428
12500 1 0.974
12600 1 0.973785
12700 1 0.973571
12800 1 0.974142
12900 1 0.973642
13000 1 0.974714
13100 1 0.974428
13200 1 0.974285
13300 1 0.974285
13400 1 0.974357
13500 1 0.974357
13600 1 0.974
13700 1 0.973642
13800 1 0.974
13900 1 0.9745
14000 1 0.974071
14100 1 0.973928
14200 1 0.974714
14300 1 0.973857
14400 1 0.974785
14500 1 0.972928
14600 1 0.974642
14700 1 0.974357
14800 1 0.973714
14900 1 0.9745
15000 1 0.974357
15100 1 0.974142
15200 1 0.974071
15300 1 0.974857
15400 1 0.974857
15500 1 0.974642
15600 1 0.974928
15700 1 0.974357
15800 1 0.974857
15900 1 0.973428
16000 1 0.974357
16100 1 0.974857
16200 1 0.974285
16300 1 0.974714
16400 1 0.975142
16500 1 0.974642
16600 1 0.974642
16700 1 0.974928
16800 1 0.974785
16900 1 0.974
17000 1 0.974571
17100 1 0.974714
17200 1 0.974714
17300 1 0.9745
17400 1 0.974785
17500 1 0.974714
17600 1 0.974714
17700 1 0.975571
17800 1 0.974714
17900 1 0.974857
18000 1 0.976071
18100 1 0.975
18200 1 0.974928
18300 1 0.974857
18400 1 0.974714
18500 1 0.974714
18600 1 0.974857
18700 1 0.975571
18800 1 0.974285
18900 1 0.9745
19000 1 0.974642
19100 1 0.9745
19200 1 0.973642
19300 1 0.974928
19400 1 0.974142
19500 1 0.9745
19600 1 0.974785
19700 1 0.974357
19800 1 0.974642
19900 1 0.974357
20000 1 0.975357
20100 1 0.9755
20200 1 0.975285
20300 1 0.975214
20400 1 0.975571
20500 1 0.975214
20600 1 0.975142
20700 1 0.975
20800 1 0.974857
20900 1 0.975571
21000 1 0.974642
21100 1 0.976285
21200 1 0.9745
21300 1 0.974571
21400 1 0.975428
21500 1 0.975428
21600 1 0.975214
21700 1 0.975285
21800 1 0.975642
21900 1 0.976142
22000 1 0.975571
22100 1 0.975928
22200 1 0.975785
22300 1 0.975857
22400 1 0.975714
22500 1 0.976142
22600 1 0.975142
22700 1 0.975571
22800 1 0.975642
22900 1 0.976142
23000 1 0.976142
23100 1 0.975785
23200 1 0.976214
23300 1 0.975928
23400 1 0.975571
23500 1 0.974857
23600 1 0.975
23700 1 0.975071
23800 1 0.975857
23900 1 0.976285
24000 1 0.975285
24100 1 0.974428
24200 1 0.976071
24300 1 0.975285
24400 1 0.975857
24500 1 0.9755
24600 1 0.975714
24700 1 0.975785
24800 1 0.975428
24900 0.09 0.0986429
25000 0.08 0.0986429
25100 0.07 0.0986429
25200 0.07 0.0986429
25300 0.09 0.0986429
25400 0.08 0.0986429
25500 0.11 0.0986429
25600 0.06 0.0986429
25700 0.1 0.0986429
25800 0.11 0.0986429
25900 0.11 0.0986429

0 0.08 0.102857
100 0.08 0.102857
200 0.12 0.102857
300 0.1 0.102857
400 0.11 0.102857
500 0.1 0.102857
600 0.12 0.102857
700 0.07 0.102857
800 0.04 0.102857
900 0.13 0.102857
1000 0.08 0.102857
1100 0.06 0.102857
1200 0.11 0.102857

0 0.08 0.0980714
100 0.13 0.0980714
200 0.14 0.0980714
300 0.1 0.0980714
400 0.14 0.0980714
500 0.06 0.0980714
600 0.06 0.0980714
700 0.12 0.0980714
800 0.07 0.0980714
900 0.1 0.0980714
1000 0.06 0.0980714
1100 0.1 0.0980714
1200 0.08 0.0980714
1300 0.1 0.0980714
1400 0.09 0.0980714
1500 0.13 0.0980714
1600 0.04 0.0980714
1700 0.09 0.0980714
1800 0.05 0.0980714

0 0.3 0.184429
100 0.94 0.873785
200 0.95 0.895571
300 0.91 0.908785
400 0.94 0.920357
500 0.97 0.926571

0 0.31 0.246357
100 0.89 0.877571
200 0.94 0.898357
300 0.96 0.916714
400 0.96 0.924928
500 0.91 0.935
600 0.96 0.937428
700 0.97 0.941142
800 0.95 0.946
900 0.95 0.947142
1000 0.99 0.948928
1100 0.95 0.951
1200 0.99 0.952
1300 0.98 0.955571
1400 0.98 0.956357
1500 0.96 0.956142
1600 0.98 0.9595
1700 1 0.960785
1800 0.98 0.961571
1900 1 0.962571
2000 1 0.962785
2100 0.98 0.9635
2200 0.96 0.963785
2300 1 0.964142
2400 0.97 0.966285
2500 0.98 0.967071
2600 0.99 0.966928
2700 0.99 0.968285
2800 0.99 0.967714
2900 0.99 0.968714
3000 0.98 0.968428
3100 1 0.969214
3200 0.99 0.968357
3300 0.99 0.969428
3400 1 0.969428
3500 1 0.970357
3600 1 0.970071
3700 0.99 0.970785
3800 1 0.970428
3900 1 0.971428
4000 0.98 0.972285
4100 1 0.970571
4200 1 0.970928
4300 0.99 0.9715
4400 1 0.971642
4500 0.97 0.971357
4600 0.99 0.971142
4700 1 0.972857
4800 0.99 0.971785
4900 1 0.972785
5000 0.98 0.9725
5100 1 0.973428
5200 1 0.972785
5300 1 0.973642
5400 1 0.973571
5500 1 0.974
5600 1 0.973928
5700 1 0.972357
5800 0.99 0.973571
5900 0.99 0.974928
6000 1 0.975214
6100 1 0.974
6200 1 0.974571
6300 0.99 0.9745
6400 1 0.975285
6500 1 0.973857
6600 1 0.974714
6700 0.99 0.974214
6800 1 0.975
6900 1 0.975214
7000 1 0.974357
7100 1 0.974785
7200 1 0.974642
7300 1 0.975071
7400 1 0.975428
7500 1 0.975071
7600 1 0.973857
7700 0.99 0.975
7800 0.99 0.975142
7900 1 0.975357
8000 1 0.976214
8100 1 0.975857
8200 0.99 0.9755
8300 1 0.976285
8400 1 0.976
8500 1 0.976285
8600 1 0.976
8700 1 0.975571
8800 1 0.9765
8900 1 0.976071
9000 0.99 0.976428
9100 1 0.9755
9200 1 0.975571
9300 1 0.976214
9400 1 0.976928
9500 1 0.976285
9600 1 0.977071
9700 1 0.976714
9800 1 0.975714
9900 1 0.976071
10000 1 0.976142
10100 1 0.976785
10200 1 0.975571
10300 1 0.976857
10400 1 0.976
10500 1 0.976499
10600 1 0.975714
10700 1 0.976285
10800 1 0.976285
10900 1 0.977357
11000 1 0.976142
11100 1 0.977357
11200 1 0.977285
11300 1 0.9765
11400 1 0.977214
11500 1 0.9765
11600 1 0.977214
11700 1 0.976214
11800 1 0.976642
11900 1 0.976714
12000 1 0.976785
12100 1 0.976571
12200 1 0.975714
12300 1 0.976357
12400 1 0.9765
12500 1 0.977
12600 1 0.977142
12700 1 0.978285
12800 1 0.977214
12900 1 0.976857
13000 1 0.977285
13100 1 0.977071
13200 1 0.977571
13300 1 0.9775
13400 1 0.977571
13500 1 0.977928
13600 1 0.977714
13700 1 0.976285
13800 1 0.977785
13900 1 0.977428
14000 1 0.977571
14100 1 0.976785
14200 1 0.978071
14300 1 0.978071
14400 1 0.977499
14500 1 0.977785
14600 1 0.977571
14700 1 0.977785
14800 1 0.977714
14900 1 0.978
15000 1 0.978428
15100 1 0.978642
15200 1 0.978214
15300 1 0.977785
15400 1 0.978214
15500 1 0.977857
15600 1 0.977714
15700 1 0.978
15800 1 0.978428
15900 1 0.978142
16000 1 0.976714
16100 1 0.977357
16200 1 0.977928
16300 1 0.976928
16400 1 0.977857
16500 1 0.978
16600 1 0.977571
16700 1 0.978
16800 1 0.977785
16900 1 0.977785
17000 1 0.978071
17100 1 0.977785
17200 1 0.978142
17300 1 0.978
17400 1 0.978785
17500 0.05 0.102429
17600 0.11 0.102429
17700 0.1 0.102429
17800 0.05 0.102429
17900 0.11 0.102429
18000 0.08 0.102429
18100 0.13 0.102429
18200 0.08 0.102429
18300 0.13 0.102429
18400 0.08 0.102429

0 0.15 0.125071
100 0.06 0.0990714
200 0.1 0.0990714
300 0.13 0.0990714
400 0.1 0.0990714
500 0.11 0.0990714

0 0.13 0.0975
100 0.12 0.0975
200 0.11 0.0975
300 0.12 0.0975
400 0.07 0.0975
500 0.06 0.0975
600 0.09 0.0975
700 0.06 0.0975

0 0.23 0.160214
100 0.88 0.889857
200 0.97 0.924285
300 0.97 0.933928
400 0.98 0.939857
500 0.94 0.942142
600 0.96 0.948571
700 0.96 0.949142
