0 0.56 0.409143
100 0.92 0.863285
200 0.89 0.872428
300 0.86 0.883071
400 0.86 0.889143
500 0.93 0.8925
600 0.87 0.896071
700 0.9 0.898643
800 0.89 0.900785
900 0.89 0.901928
1000 0.92 0.903071
1100 0.96 0.905
1200 0.9 0.9045
1300 0.94 0.904214
1400 0.92 0.906357
1500 0.94 0.906714
1600 0.92 0.904928
1700 0.86 0.907
1800 0.94 0.908285
1900 0.94 0.908428
2000 0.93 0.907214
2100 0.91 0.909857
2200 0.93 0.910285
2300 0.93 0.907928
2400 0.96 0.912
2500 0.96 0.912143
2600 0.88 0.911785
2700 0.97 0.913857
2800 0.93 0.912357
2900 0.96 0.913071
3000 0.91 0.913428
3100 0.97 0.913357
3200 0.92 0.913642
3300 0.9 0.914
3400 0.92 0.912857
3500 0.92 0.915357
3600 0.95 0.914285
3700 0.91 0.914071
3800 0.91 0.913785
3900 0.95 0.916
4000 0.93 0.9155
4100 0.94 0.916357
4200 0.92 0.915928
4300 0.88 0.914357
4400 0.94 0.915928
4500 0.94 0.914643
4600 0.92 0.915428
4700 0.93 0.916643
4800 0.88 0.915
4900 0.94 0.916928
5000 0.97 0.917714
5100 0.92 0.916857
5200 0.94 0.917357
5300 0.89 0.918214
5400 0.97 0.918
5500 0.96 0.917785
5600 0.95 0.918
5700 0.94 0.9185
5800 0.94 0.917928
5900 0.95 0.917642
6000 0.91 0.918428
6100 0.93 0.916928
6200 0.91 0.917928
6300 0.92 0.917643
6400 0.92 0.917142
6500 0.92 0.918071
6600 0.89 0.917785
6700 0.95 0.916428
6800 0.87 0.917071
6900 0.96 0.918142
7000 0.92 0.918857
7100 0.92 0.918357
7200 0.92 0.919142
7300 0.94 0.9165
7400 0.95 0.919357
7500 0.94 0.919143
7600 0.95 0.918285
7700 0.95 0.9195
7800 0.97 0.92
7900 0.84 0.919785
8000 0.91 0.920357
8100 0.96 0.92
8200 0.93 0.918142
8300 0.96 0.919071
8400 0.91 0.918785
8500 0.9 0.919428
8600 0.97 0.918928
8700 0.9 0.918214
8800 0.96 0.919928
8900 0.96 0.9205
9000 0.95 0.919071
9100 0.92 0.918571
9200 0.95 0.92
9300 0.93 0.919571
9400 0.93 0.919571
9500 0.96 0.919857
9600 0.96 0.918928
9700 0.92 0.920357
9800 0.93 0.920357
9900 0.93 0.919
10000 0.96 0.920428
10100 0.87 0.919714
10200 0.95 0.920142
10300 0.91 0.919285
10400 0.91 0.920857
10500 0.96 0.9195
10600 0.93 0.919571
10700 0.92 0.919
10800 0.86 0.920714
10900 0.96 0.920571
11000 0.98 0.920143
11100 0.95 0.919
11200 0.96 0.919428
11300 0.92 0.919785
11400 0.95 0.920642
11500 0.88 0.918714
11600 0.91 0.919857
11700 0.9 0.919142
11800 0.94 0.919428
11900 0.94 0.920785
12000 0.93 0.920428
12100 0.93 0.920785
12200 0.94 0.920928
12300 0.95 0.9205
12400 0.98 0.920928
12500 0.94 0.919285
12600 0.93 0.921357
12700 0.96 0.920357
12800 0.91 0.921142
12900 0.94 0.920642
13000 0.9 0.921428
13100 0.99 0.921428
13200 0.91 0.92
13300 0.98 0.918642
13400 0.92 0.921357
13500 0.96 0.92
13600 0.95 0.921357
13700 0.94 0.921785
13800 0.98 0.922214
13900 0.95 0.921285
14000 0.88 0.919
14100 0.93 0.920857
14200 0.95 0.920428
14300 0.95 0.920785
14400 0.95 0.921714
14500 0.92 0.9195
14600 0.93 0.920285
14700 0.95 0.920642
14800 0.95 0.919428
14900 0.91 0.920285
15000 0.92 0.919285
15100 0.97 0.9195
15200 0.95 0.920214
15300 0.92 0.920785
15400 0.92 0.920428
15500 0.9 0.921214
15600 0.95 0.918928
15700 0.93 0.921428
15800 0.95 0.921571
15900 0.97 0.921071
16000 0.94 0.919285
16100 0.92 0.921857
16200 0.91 0.921142
16300 0.93 0.918714
16400 0.92 0.92
16500 0.9 0.9205
16600 0.94 0.919857
16700 0.93 0.920428
16800 0.94 0.920428
16900 0.93 0.920285
17000 0.94 0.920357
17100 0.92 0.920714
17200 0.92 0.921
17300 0.97 0.920285
17400 0.96 0.920785
17500 0.94 0.9215
17600 0.91 0.918357
17700 0.89 0.920857
17800 0.94 0.920214
17900 0.98 0.921142
18000 0.9 0.9205
18100 0.93 0.920214
18200 0.91 0.9205
18300 0.95 0.920071
18400 0.91 0.920642
18500 0.96 0.920428
18600 0.91 0.920357
18700 0.92 0.919857
18800 0.93 0.920071
18900 0.94 0.920357
19000 0.94 0.920571
19100 0.95 0.918428
19200 0.91 0.919071
19300 0.99 0.920857
19400 0.91 0.919357
19500 0.96 0.920714
19600 0.92 0.920285
19700 0.92 0.920071
19800 0.95 0.919428
19900 0.94 0.919928

0 0.22 0.139571
100 0.79 0.841285
200 0.85 0.869714
300 0.89 0.882571
