
0 0.08 0.123238
50 0.74 0.748952
100 0.9 0.864952
150 0.926667 0.898857

0 0.173333 0.099619
50 0.78 0.733714
100 0.88 0.849333
150 0.886667 0.889333
200 0.893333 0.908
250 0.893333 0.921333
300 0.933333 0.930095
350 0.906667 0.933143
400 0.966667 0.940952
450 0.946667 0.94781
500 0.953333 0.949333
550 0.96 0.95181
600 0.973333 0.956191
650 0.98 0.956952
700 0.966667 0.95981
750 0.96 0.964191
800 0.98 0.964191
850 0.96 0.966667
900 0.973333 0.966095
950 0.986667 0.967238
1000 0.953333 0.969714
1050 0.94 0.971048
1100 0.973333 0.972

0 0.102 0.0929524
50 0.672 0.69619
100 0.884 0.864952
150 0.914 0.906667

0 nan 0.0923809
50 nan 0.766667
100 nan 0.874476

0 0.072 0.107619
50 0.828 0.780952
100 0.916 0.872571
150 0.9 0.901714
200 0.944 0.918667
250 0.936 0.933333
300 0.948 0.939238
350 0.944 0.945143
400 0.948 0.951238
450 0.928 0.953714
500 0.964 0.954476
550 0.964 0.95581
600 0.98 0.961143
650 0.972 0.960952
700 0.972 0.96381
750 0.96 0.966095
800 0.964 0.967048
850 0.968 0.967048
900 0.976 0.969143
950 0.968 0.968762
1000 0.984 0.970286
1050 0.988 0.970095
1100 0.98 0.971619
1150 0.98 0.972381
1200 0.988 0.974667
1250 0.984 0.975619
1300 0.988 0.976381
1350 0.968 0.974667
1400 0.984 0.976762
1450 0.98 0.978667
1500 0.992 0.98
1550 0.984 0.979048
1600 0.996 0.977333
1650 0.992 0.978857
1700 0.992 0.978095
1750 0.988 0.980762
1800 0.992 0.981905
1850 1 0.979048
1900 0.98 0.98
1950 0.988 0.982095

0 0.144 0.147048
50 0.784 0.769143
100 0.928 0.887048
150 0.92 0.916571
200 0.944 0.926095
250 0.912 0.937905
300 0.928 0.944191
350 0.956 0.948191
400 0.956 0.950857
450 0.952 0.953714
500 0.96 0.958667
550 0.98 0.962476
600 0.964 0.962286
650 0.964 0.963238
700 0.976 0.965333
750 0.984 0.967429
800 0.968 0.967429
850 0.976 0.970095
900 0.972 0.968
950 0.964 0.971429
1000 0.988 0.971619
1050 0.976 0.971429
1100 0.964 0.974095
1150 0.972 0.974286
1200 0.976 0.972952
1250 0.976 0.976381
1300 0.988 0.976571
1350 0.98 0.977333
1400 0.988 0.977143
1450 0.996 0.977143
1500 0.988 0.977333
1550 0.988 0.978476
1600 0.992 0.980191
1650 0.988 0.980381
1700 0.988 0.98
1750 0.972 0.979048
1800 0.988 0.97981
1850 0.988 0.982095
1900 0.988 0.979429
1950 0.996 0.981333
2000 0.988 0.981905
2050 0.984 0.980381
2100 0.988 0.980191
2150 0.984 0.982095
2200 0.992 0.981905
2250 0.996 0.981143
2300 0.992 0.981905
2350 0.992 0.982286
2400 0.992 0.981143
2450 1 0.983429
2500 0.996 0.980952
2550 0.988 0.982857
2600 0.988 0.981714
2650 0.992 0.982667
2700 0.98 0.984762
2750 0.988 0.98381
2800 0.992 0.983429
2850 0.996 0.985333
2900 1 0.986095
2950 0.992 0.985714
3000 0.996 0.985143
3050 1 0.984762
3100 0.996 0.986476
3150 0.996 0.984381
3200 0.996 0.984381
3250 0.996 0.985905
3300 0.996 0.985905
3350 0.992 0.986286
3400 0.996 0.985524
3450 0.996 0.985714
3500 0.996 0.983238
3550 1 0.986476
3600 1 0.986667
3650 1 0.987048
3700 1 0.984191
3750 1 0.982857
3800 0.996 0.986476
3850 0.992 0.986476
3900 1 0.987429
3950 1 0.987429
4000 0.996 0.985524
4050 0.996 0.986857
4100 0.992 0.987429
4150 1 0.986857
4200 1 0.986476
4250 1 0.986857
4300 0.996 0.987429
4350 0.996 0.986857
4400 0.992 0.987048
4450 1 0.987238
4500 1 0.987238
4550 1 0.985524
4600 1 0.98781
4650 1 0.988191
4700 1 0.986857
4750 1 0.986857
4800 1 0.987238
4850 1 0.987619
4900 1 0.987429
4950 1 0.988762
5000 0.996 0.987619
5050 0.996 0.986476
5100 0.996 0.986857
5150 0.996 0.986857
5200 1 0.988952
5250 1 0.988381
5300 0.996 0.988
5350 0.996 0.987619
5400 1 0.98781
5450 0.996 0.98781
5500 0.996 0.988381
5550 1 0.988
5600 1 0.98781
5650 1 0.988
5700 1 0.988381
5750 1 0.989333
5800 1 0.988762
5850 1 0.987619
5900 1 0.988381
5950 1 0.988381
6000 1 0.988571
6050 1 0.988762
6100 1 0.988381
6150 1 0.988191
6200 1 0.989143
6250 1 0.988571
6300 1 0.989143
6350 1 0.989333
6400 0.996 0.987048
6450 1 0.988952
6500 1 0.989714
6550 1 0.989333
6600 0.996 0.988952
6650 1 0.988381
6700 0.996 0.988762
6750 1 0.988191
6800 1 0.98781
6850 1 0.989143
6900 1 0.988381
6950 1 0.988381
7000 0.996 0.990476
7050 1 0.988952
7100 1 0.989524
7150 1 0.989143
7200 1 0.988952
7250 1 0.989524
7300 1 0.989333
7350 1 0.989333
7400 1 0.989333
7450 1 0.988571
7500 1 0.98781
7550 1 0.987619
7600 1 0.988952
7650 1 0.988762
7700 1 0.989143
7750 1 0.989143
7800 0.996 0.990286
7850 1 0.990095
7900 1 0.991238
7950 1 0.988952
8000 1 0.988381
8050 1 0.988571
8100 1 0.989524
8150 1 0.989143
8200 1 0.987048
8250 1 0.988571
8300 1 0.988
8350 1 0.987619
8400 1 0.988
8450 1 0.988571
8500 1 0.989714
8550 1 0.989333
8600 1 0.989714
8650 1 0.988952
8700 1 0.989333
8750 1 0.988762
8800 1 0.988572
8850 1 0.988191
8900 1 0.988762
8950 1 0.989333
9000 1 0.989143
9050 1 0.988571
9100 1 0.987429
9150 1 0.989714
9200 1 0.989333
9250 1 0.989714
9300 1 0.989333
9350 1 0.989714
9400 1 0.990857
9450 1 0.989143
9500 1 0.989333
9550 1 0.988381
9600 1 0.989333
9650 1 0.988952
9700 1 0.988
9750 1 0.988381
9800 1 0.989714
9850 1 0.988762
9900 1 0.990095
9950 1 0.988952
10000 1 0.988191
10050 1 0.990095
10100 1 0.988571
10150 1 0.988191
10200 1 0.988381
10250 1 0.988381
10300 1 0.989714
10350 1 0.988762
10400 1 0.989143
10450 1 0.988191
10500 1 0.989905
10550 1 0.989905
10600 1 0.989333
10650 1 0.988952
10700 1 0.989524
10750 1 0.989714
10800 1 0.990095
10850 1 0.990857
10900 1 0.990667
10950 1 0.989143
11000 1 0.988381
11050 1 0.989333
11100 1 0.989905
11150 1 0.986476
11200 1 0.989143
11250 1 0.990857
11300 1 0.989714
11350 1 0.990286
11400 1 0.989905
11450 1 0.990286
11500 1 0.990476
11550 1 0.988762
11600 1 0.990095
11650 1 0.989905
11700 1 0.989333
11750 1 0.990095
11800 1 0.990286
11850 1 0.990857
11900 1 0.989333
11950 1 0.98781
12000 1 0.990857
12050 1 0.989143
12100 1 0.990667
12150 1 0.990286
12200 1 0.990286
12250 1 0.990286
12300 1 0.988
12350 1 0.989905
12400 1 0.988381
12450 1 0.989905
12500 1 0.990286
12550 1 0.989143
12600 1 0.988571
12650 1 0.989143
12700 1 0.991238
12750 1 0.99181
12800 1 0.988762
12850 1 0.990857
12900 1 0.990286
12950 1 0.991238
13000 1 0.990286
13050 1 0.990286
13100 1 0.990667
13150 1 0.989905
13200 1 0.989524
13250 1 0.990476
13300 1 0.989524
13350 1 0.991429
13400 1 0.988952
13450 1 0.991238
13500 1 0.990095
13550 1 0.991238
13600 1 0.989524
13650 1 0.989714
13700 1 0.990476
13750 1 0.988762
13800 1 0.988762
13850 1 0.989524
13900 1 0.989143
13950 1 0.989143
14000 1 0.989714
14050 1 0.990476
14100 1 0.990286
14150 1 0.990476
14200 1 0.990095
14250 1 0.990095
14300 1 0.990857
14350 1 0.990667
14400 1 0.989143
14450 1 0.989714
14500 1 0.989524
14550 1 0.989333
14600 1 0.990286
14650 1 0.990095
14700 1 0.989524
14750 1 0.989524
14800 1 0.991048
14850 1 0.990476
14900 1 0.991238
14950 1 0.990476
15000 1 0.989143
15050 1 0.990476
15100 1 0.990286
15150 1 0.989524
15200 1 0.989905
15250 1 0.989714
15300 1 0.990095
15350 1 0.990476
15400 1 0.990476
15450 1 0.988571
15500 1 0.989143
15550 1 0.990286
15600 1 0.989714
15650 1 0.988381
15700 1 0.989143
15750 1 0.988762
15800 1 0.990857
15850 1 0.990667
15900 1 0.990476
15950 1 0.989524
16000 1 0.989143
16050 1 0.990286
16100 1 0.988381
16150 1 0.989714
16200 1 0.989524
16250 1 0.989333
16300 1 0.990095
16350 1 0.989524
16400 1 0.988191
16450 1 0.987238
16500 1 0.990095
16550 1 0.990286
16600 1 0.991238
16650 0.996 0.990857
16700 1 0.991429
16750 1 0.989524
16800 1 0.989714
16850 1 0.989714
16900 1 0.989143
16950 1 0.989143
17000 1 0.990095
17050 1 0.989143
17100 1 0.990286
17150 1 0.990857
17200 1 0.990857
17250 1 0.991238
17300 1 0.991048
17350 1 0.991429
17400 1 0.989905
17450 1 0.988762
17500 1 0.990857
17550 1 0.988762
17600 1 0.990476
17650 1 0.990476
17700 1 0.989143
17750 1 0.990095
17800 1 0.990476
17850 1 0.989905
17900 1 0.989714
17950 1 0.991048
18000 1 0.992
18050 1 0.991048
18100 1 0.990286
18150 1 0.991619
18200 1 0.990857
18250 1 0.990476
18300 1 0.990095
18350 1 0.991429
18400 1 0.988
18450 1 0.991048
18500 1 0.988571
18550 1 0.988572
18600 1 0.990667
18650 1 0.988952
18700 1 0.989905
18750 1 0.989143
18800 1 0.989143
18850 1 0.988571
18900 1 0.988762
18950 1 0.990667
19000 1 0.990476
19050 1 0.989333
19100 1 0.990286
19150 1 0.991619
19200 1 0.991048
19250 1 0.989524
19300 1 0.990476
19350 1 0.990095
19400 1 0.992
19450 1 0.99181
19500 1 0.991619
19550 1 0.990095
19600 1 0.990095
19650 1 0.992191
19700 1 0.990667
19750 1 0.991238
19800 1 0.991048
19850 1 0.991048
19900 1 0.991619
19950 1 0.990667
20000 1 0.990667
20050 1 0.988762
20100 1 0.99181
20150 1 0.991429
20200 1 0.991619
20250 1 0.991429
20300 1 0.989905
20350 1 0.991238
20400 1 0.990095
20450 1 0.988762
20500 1 0.987429
20550 1 0.989905
20600 1 0.989143
20650 1 0.989905
20700 1 0.988381
20750 1 0.989143
20800 1 0.988952
20850 1 0.989143
20900 1 0.991048
20950 1 0.990476
21000 1 0.991048
21050 1 0.989524
21100 1 0.991048
21150 1 0.989524
21200 1 0.990857
21250 1 0.991048
21300 1 0.988
21350 1 0.987048
21400 1 0.988191
21450 1 0.989714
21500 1 0.988762
21550 1 0.989714
21600 1 0.990095
21650 1 0.991238
21700 1 0.990857
21750 1 0.991048
21800 1 0.990476
21850 1 0.990476
21900 1 0.990857
21950 1 0.990857
22000 1 0.989905
22050 1 0.990476
22100 1 0.991429
22150 1 0.991619
22200 1 0.99181
22250 1 0.989905
22300 1 0.991048
22350 1 0.991238
22400 1 0.991048
22450 1 0.990286
22500 1 0.990857
22550 1 0.990857
22600 1 0.990286
22650 1 0.992191
22700 1 0.99181
22750 1 0.991619
22800 1 0.990857
22850 1 0.99181
22900 1 0.990095
22950 1 0.992381
23000 1 0.991429
23050 1 0.992191
23100 1 0.988952
23150 1 0.988571
23200 1 0.989714
23250 1 0.990286
23300 1 0.988762
23350 1 0.991048
23400 1 0.990095
23450 1 0.989333
23500 1 0.990095
23550 1 0.989714
23600 1 0.989143
23650 1 0.988952
23700 1 0.989714
23750 1 0.990476
23800 1 0.991238
23850 1 0.989905
23900 1 0.991048
23950 1 0.990667
24000 1 0.990857
24050 1 0.990476
24100 1 0.989333
24150 1 0.990857
24200 1 0.991429
24250 1 0.989905
24300 1 0.990667
24350 1 0.990286
24400 1 0.989905
24450 1 0.990667
24500 1 0.991048
24550 1 0.990476
24600 1 0.991429
24650 1 0.992381
24700 1 0.992191
24750 1 0.990286
24800 1 0.991048
24850 1 0.988191
24900 1 0.987619
24950 1 0.988952
25000 1 0.990476
25050 1 0.991429
25100 1 0.990286
25150 1 0.990857
25200 1 0.990667
25250 1 0.989905
25300 1 0.988762
25350 1 0.990286
25400 1 0.990857
25450 1 0.989524
25500 1 0.990095
25550 1 0.990286
25600 1 0.990476
25650 1 0.991619
25700 0.996 0.990667
25750 1 0.991429
25800 1 0.990476
25850 1 0.991429
25900 1 0.991048
25950 1 0.991429
26000 1 0.991048
26050 1 0.988952
26100 1 0.989714
26150 1 0.988762
26200 1 0.989524
26250 1 0.989143
26300 1 0.989524
26350 1 0.990095
26400 1 0.991429
26450 1 0.990095
26500 1 0.990286
26550 1 0.990857
26600 1 0.991048
26650 1 0.990286
26700 1 0.990667
26750 1 0.990286
26800 1 0.991048
26850 1 0.989524
26900 1 0.988381
26950 1 0.989905
27000 1 0.988762
27050 1 0.990667
27100 1 0.990095
27150 1 0.991048
27200 1 0.990667
27250 1 0.991238
27300 1 0.991238
27350 1 0.989714
27400 1 0.991429
27450 1 0.989905
27500 1 0.990286
27550 1 0.991048
27600 1 0.990476
27650 1 0.991238
27700 1 0.990667
27750 1 0.990667
27800 1 0.991048
27850 1 0.990857
27900 1 0.991619
27950 1 0.990476
28000 1 0.991048
28050 1 0.991048
28100 1 0.99181
28150 1 0.991429
28200 1 0.991619
28250 1 0.990286
28300 1 0.988571
28350 1 0.989905
28400 1 0.989905
28450 1 0.988952
28500 1 0.990286
28550 1 0.990667
28600 1 0.989333
28650 1 0.991429
28700 1 0.989524
28750 1 0.990286
28800 1 0.990286
28850 1 0.990667
28900 1 0.988762
28950 1 0.991429
29000 1 0.992
29050 1 0.991048
29100 1 0.991048
29150 1 0.991238
29200 1 0.990095
29250 1 0.990095
29300 1 0.989905
29350 1 0.990286
29400 1 0.988762
29450 1 0.989905
29500 1 0.990286
29550 1 0.990476
29600 1 0.989905
29650 1 0.990476
29700 1 0.991429
29750 1 0.990095
29800 1 0.990286
29850 1 0.989333
29900 1 0.990286
29950 1 0.988
30000 1 0.990286
30050 1 0.990476
30100 1 0.990667
30150 1 0.988762
30200 1 0.990476
30250 1 0.990667
30300 1 0.990476
30350 1 0.990095
30400 1 0.991238
30450 1 0.989714
30500 1 0.990857
30550 1 0.990476
30600 1 0.990476
30650 1 0.990857
30700 1 0.991429
30750 1 0.99181
30800 1 0.991238
30850 1 0.991048
30900 1 0.991619
30950 1 0.991619
31000 1 0.991619
31050 1 0.989524
31100 1 0.989524
31150 1 0.991429
31200 1 0.988952
31250 1 0.988571
31300 1 0.990857
31350 1 0.992
31400 1 0.991048
31450 1 0.991619
31500 1 0.991429
31550 1 0.992
31600 1 0.990095
31650 1 0.990095
31700 1 0.990857
31750 1 0.990476
31800 1 0.990476
31850 1 0.990476
31900 1 0.992191
31950 1 0.991429
32000 1 0.991619
32050 1 0.991048
32100 1 0.991619
32150 1 0.990286
32200 1 0.991048
32250 1 0.990857
32300 1 0.991238
32350 1 0.989143
32400 1 0.990857
32450 1 0.990667
32500 1 0.988571
32550 1 0.991048
32600 1 0.99181
32650 1 0.991048
32700 1 0.99181
32750 1 0.99181
32800 1 0.991429
32850 1 0.990667
32900 1 0.991238
32950 1 0.991238
33000 1 0.990857
33050 1 0.991048
33100 1 0.991238
33150 1 0.991429
33200 1 0.991619
33250 1 0.991619
33300 1 0.990667
33350 1 0.990286
33400 1 0.991429
33450 1 0.991619
33500 1 0.99181
33550 1 0.991048
33600 1 0.991238
33650 1 0.989714
33700 1 0.990095
33750 1 0.990476
33800 1 0.992
33850 1 0.991619
33900 1 0.991238
33950 1 0.990476
34000 1 0.989714
34050 1 0.989524
34100 1 0.990095
34150 1 0.989333
34200 1 0.990857
34250 1 0.989714
34300 1 0.988191
34350 1 0.983429
34400 1 0.990857
34450 1 0.990286
34500 1 0.991048
34550 1 0.990095
34600 1 0.989714
34650 1 0.990286
34700 1 0.991429
34750 1 0.991429
34800 1 0.992
34850 1 0.991619
34900 1 0.992
34950 1 0.992

0 0.0742857 0.091619
50 0.737143 0.750286
100 0.848571 0.854476
150 0.914286 0.894095
200 0.917143 0.916
250 0.9 0.926286
300 0.951429 0.936
350 0.942857 0.940571
400 0.957143 0.945333
450 0.968572 0.950476
500 0.957143 0.954476
550 0.982857 0.956191
600 0.954286 0.959429
650 0.96 0.962095
700 0.965714 0.965524
750 0.962857 0.965524
800 0.971429 0.966667
850 0.962857 0.969143
900 0.974286 0.970286
950 0.991429 0.970095
1000 0.977143 0.972
1050 0.971429 0.972952
1100 0.962857 0.972
1150 0.988571 0.975048
1200 0.994286 0.97581
1250 0.985714 0.976191
1300 0.982857 0.97581
1350 0.982857 0.976191
1400 0.971429 0.97581
1450 0.982857 0.978667
1500 0.985714 0.977524
1550 0.971429 0.978286
1600 0.988571 0.977333
1650 0.982857 0.977524
1700 0.997143 0.979238
1750 1 0.978667
1800 0.982857 0.978095
1850 0.997143 0.979429
1900 0.988571 0.979238
1950 0.977143 0.980191
2000 0.988571 0.978857
2050 0.991429 0.980191
2100 0.994286 0.98
2150 0.988571 0.980571
2200 0.985714 0.982286
2250 0.988571 0.980571
2300 0.988571 0.981714
2350 0.985714 0.980381
2400 0.988571 0.981333
2450 1 0.983619
2500 0.997143 0.983429
2550 0.991429 0.982667
2600 0.994286 0.982286
2650 0.991429 0.982857
2700 0.988571 0.984381
2750 0.988571 0.983238
2800 0.994286 0.981143
2850 0.991429 0.982667
2900 0.997143 0.984381
2950 0.991429 0.98381
3000 1 0.983619
3050 0.991429 0.984191
3100 0.994286 0.983238
3150 0.991429 0.984191
3200 0.994286 0.983238
3250 0.994286 0.983619
3300 0.988571 0.984381
3350 0.988571 0.984191
3400 0.991429 0.985714
3450 1 0.98381
3500 0.991429 0.984571
3550 0.997143 0.985714
3600 0.994286 0.985714
3650 0.997143 0.986857
3700 0.994286 0.983619
3750 1 0.985905
3800 0.997143 0.985333
3850 0.991429 0.985714
3900 1 0.985714
3950 1 0.986476
4000 0.991429 0.986476
4050 0.997143 0.984952
4100 0.997143 0.986286
4150 1 0.987048
4200 0.994286 0.988
4250 1 0.986857
4300 0.994286 0.986857
4350 1 0.986476
4400 0.994286 0.986476
4450 1 0.986667
4500 0.997143 0.986857
4550 1 0.98781
4600 1 0.987238
4650 0.994286 0.987238
4700 1 0.986667
4750 0.997143 0.98381
4800 1 0.985905
4850 1 0.987048
4900 0.997143 0.986857
4950 1 0.986476
5000 1 0.98781
5050 0.997143 0.987619
5100 1 0.987048
5150 1 0.988571
5200 1 0.987429
5250 0.997143 0.987619
5300 0.997143 0.987619
5350 0.997143 0.988191
5400 1 0.987048
5450 1 0.987429
5500 1 0.987429
5550 1 0.986667
5600 1 0.988
5650 1 0.987048
5700 1 0.988381
5750 1 0.986476
5800 1 0.985905
5850 0.997143 0.988
5900 1 0.987619
5950 1 0.987238
6000 0.997143 0.987048
6050 1 0.988191
6100 0.997143 0.988381
6150 1 0.987048
6200 1 0.98781
6250 1 0.987048
6300 1 0.988381
6350 1 0.986857
6400 1 0.988381
6450 1 0.989143
6500 0.997143 0.987619
6550 1 0.990095
6600 1 0.988
6650 1 0.987048
6700 1 0.987619
6750 1 0.989333
6800 1 0.988762
6850 1 0.988381
6900 1 0.987429
6950 1 0.988191
7000 1 0.987429
7050 1 0.987048
7100 1 0.987429
7150 1 0.986667
7200 1 0.988952
7250 1 0.989905
7300 1 0.989524
7350 1 0.989524
7400 1 0.987619
7450 1 0.988762
7500 1 0.988762
7550 1 0.988952
7600 1 0.988952
7650 1 0.988952
7700 1 0.987429
7750 1 0.988191
7800 1 0.989333
7850 1 0.990095
7900 1 0.988381
7950 1 0.987619
8000 1 0.989333
8050 1 0.988191
8100 1 0.98781
8150 1 0.988571
8200 1 0.988571
8250 1 0.986095
8300 1 0.989143
8350 1 0.989524
8400 1 0.989714
8450 1 0.987048
8500 1 0.989524
8550 1 0.987429
8600 1 0.988952
8650 1 0.988381
8700 1 0.988952
8750 1 0.989143
8800 1 0.988762
8850 1 0.988762
8900 1 0.989143
8950 1 0.990095
9000 1 0.989524
9050 1 0.989524
9100 1 0.990095
9150 1 0.988381
9200 1 0.989524
9250 1 0.988571
9300 1 0.988762
9350 1 0.989714
9400 1 0.988762
9450 1 0.988762
9500 1 0.988952
9550 1 0.988952
9600 1 0.989143
9650 1 0.988381
9700 1 0.989905
9750 1 0.988191
9800 1 0.988762
9850 1 0.988762
9900 1 0.988571
9950 1 0.989905
10000 1 0.989143
10050 1 0.988
10100 1 0.988952
10150 0.997143 0.988381
10200 1 0.988952
10250 1 0.988
10300 1 0.988952
10350 1 0.989143
10400 1 0.989333
10450 1 0.988571
10500 1 0.989143
10550 1 0.989714
10600 1 0.989143
10650 1 0.990095
10700 1 0.988191
10750 1 0.988381
10800 1 0.988952
10850 1 0.988762
10900 1 0.988571
10950 1 0.989333
11000 1 0.988381
11050 1 0.989333
11100 1 0.990095
11150 1 0.990286
11200 1 0.990095
11250 1 0.988952
11300 1 0.989524
11350 1 0.988571
11400 1 0.989905
11450 1 0.990857
11500 1 0.990286
11550 1 0.990476
11600 1 0.989143
11650 1 0.989143
11700 1 0.988762
11750 1 0.989524
11800 1 0.989333
11850 1 0.990476
11900 1 0.989333
11950 1 0.989524
12000 1 0.989143
12050 1 0.989714
12100 1 0.990857
12150 1 0.989143
12200 1 0.989905
12250 1 0.989333
12300 1 0.989524
12350 1 0.989333
12400 1 0.991048
12450 1 0.989905
12500 1 0.989143
12550 1 0.988191
12600 1 0.989524
12650 1 0.988952
12700 1 0.989905
12750 1 0.990476
12800 1 0.988952
12850 1 0.989524
12900 1 0.991048
12950 1 0.989524
13000 1 0.990286
13050 1 0.990476
13100 1 0.990667
13150 1 0.988
13200 1 0.989524
13250 1 0.989905
13300 1 0.989524
13350 1 0.989714
13400 1 0.990476
13450 1 0.991238
13500 1 0.989333
13550 1 0.990476
13600 1 0.989714
13650 1 0.989524
13700 1 0.988952
13750 1 0.989714
13800 1 0.989143
13850 1 0.988952
13900 1 0.989143
13950 1 0.986857
14000 1 0.988952
14050 1 0.990667
14100 1 0.990667
14150 1 0.989905
14200 1 0.989905
14250 1 0.989905
14300 1 0.989714
14350 1 0.990286
14400 1 0.990476
14450 1 0.989905
14500 1 0.989714
14550 1 0.990095
14600 1 0.990095
14650 1 0.989905
14700 1 0.989905
14750 1 0.989524
14800 0.997143 0.989143
14850 1 0.990476
14900 1 0.990857
14950 1 0.991238
15000 1 0.991429
15050 1 0.99181
15100 1 0.990667
15150 1 0.990857
15200 1 0.991238
15250 1 0.990286
15300 1 0.988952
15350 1 0.990095
15400 1 0.990286
15450 1 0.990286
15500 1 0.988952
15550 0.997143 0.989524
15600 1 0.990286
15650 1 0.987619
15700 1 0.990095
15750 1 0.98781
15800 1 0.990857
15850 1 0.989905
15900 1 0.989905
15950 1 0.991429
16000 1 0.991429
16050 1 0.990857
16100 1 0.992
16150 1 0.990476
16200 1 0.991048
16250 1 0.991619
16300 1 0.991238
16350 1 0.990476
16400 1 0.990476
16450 1 0.991238
16500 1 0.990667
16550 1 0.991238
16600 1 0.991048
16650 1 0.991048
16700 1 0.990476
16750 1 0.990476
16800 1 0.990857
16850 1 0.991048
16900 1 0.988952
16950 1 0.988381
17000 1 0.989333
17050 1 0.990476
17100 1 0.990667
17150 1 0.990476
17200 1 0.991048
17250 1 0.991238
17300 1 0.989143
17350 0.994286 0.989714
17400 1 0.990286
17450 1 0.990857
17500 1 0.991048
17550 1 0.989905
17600 1 0.989905
17650 1 0.988952
17700 1 0.991238
17750 1 0.989714
17800 1 0.989333
17850 1 0.989905
17900 1 0.990286
17950 1 0.990286
18000 1 0.989333
18050 1 0.990476
18100 1 0.989714
18150 1 0.989143
18200 1 0.990476
18250 1 0.989905
18300 1 0.989524
18350 1 0.990095
18400 1 0.990476
18450 1 0.990095
18500 1 0.990286
18550 1 0.990286
18600 1 0.990286
18650 1 0.989905
18700 1 0.990286
18750 1 0.990095
18800 1 0.989905
18850 1 0.989524
18900 1 0.989905
18950 1 0.989333
19000 1 0.990286
19050 1 0.990476
19100 1 0.991619
19150 1 0.991048
19200 1 0.989905
19250 1 0.989905
19300 1 0.989905
19350 1 0.988762
19400 1 0.991048
19450 1 0.988952
19500 1 0.99181
19550 1 0.991238
19600 1 0.990667
19650 1 0.990667
19700 1 0.991048
19750 1 0.991238
19800 1 0.989524
19850 1 0.990476
19900 1 0.991238
19950 1 0.991048
20000 1 0.990857
20050 1 0.990667
20100 1 0.991048
20150 1 0.990667
20200 1 0.989905
20250 1 0.990095
20300 1 0.990095
20350 1 0.990095
20400 1 0.990095
20450 1 0.990095
20500 1 0.990667
20550 1 0.990095
20600 1 0.990476
20650 1 0.991048
20700 1 0.991429
20750 1 0.991238
20800 1 0.992191
20850 1 0.990476
20900 1 0.991048
20950 1 0.991238
21000 1 0.991048
21050 1 0.991619
21100 1 0.991429
21150 1 0.992
21200 1 0.991238
21250 1 0.991238
21300 1 0.989524
21350 1 0.988762
21400 1 0.990667
21450 1 0.991619
21500 1 0.99181
21550 1 0.991619
21600 1 0.988952
21650 1 0.990667
21700 1 0.990667
21750 1 0.991048
21800 1 0.992191
21850 1 0.991238
21900 1 0.991619
21950 1 0.990667
22000 1 0.989524
22050 1 0.989714
22100 1 0.991238
22150 1 0.990286
22200 1 0.990476
22250 1 0.990286
22300 1 0.990286
22350 1 0.990476
22400 1 0.990476
22450 1 0.990476
22500 1 0.990667
22550 1 0.990095
22600 1 0.990667
22650 1 0.990476
22700 1 0.990667
22750 1 0.991048
22800 1 0.991048
22850 1 0.991238
22900 1 0.990667
22950 1 0.990095
23000 1 0.990667
23050 1 0.991048
23100 1 0.990857
23150 1 0.989905
23200 1 0.986286
23250 1 0.989714
23300 1 0.989714
23350 1 0.990286
23400 1 0.990095
23450 1 0.990857
23500 1 0.989714
23550 1 0.991619
23600 1 0.990667
23650 1 0.990286
23700 1 0.990857
23750 1 0.990667
23800 1 0.991238
23850 1 0.990667
23900 1 0.991619
23950 1 0.991048
24000 1 0.991048
24050 1 0.990667
24100 1 0.990857
24150 1 0.990857
24200 1 0.991429
24250 1 0.99181
24300 1 0.988571
24350 1 0.991048
24400 1 0.989524
24450 1 0.991619
24500 1 0.992
24550 1 0.991619
24600 1 0.990667
24650 1 0.991048
24700 1 0.990667
24750 1 0.989905
24800 1 0.990476
24850 1 0.991619
24900 1 0.991238
24950 1 0.991048
25000 1 0.990667
25050 1 0.991238
25100 1 0.990476
25150 1 0.989524
25200 1 0.989905
25250 1 0.990476
25300 1 0.990857
25350 1 0.992191
25400 1 0.989905
25450 1 0.990286
25500 1 0.990476
25550 1 0.991238
25600 1 0.989524
25650 1 0.990857
25700 1 0.990667
25750 1 0.991238
25800 1 0.990857
25850 1 0.991048
25900 1 0.990857
25950 1 0.990095
26000 1 0.990476
26050 1 0.990857
26100 1 0.990667
26150 1 0.989524
26200 1 0.990667
26250 1 0.990667
26300 1 0.988952
26350 1 0.99181
26400 1 0.991238
26450 1 0.990095
26500 1 0.99181
26550 1 0.991048
26600 1 0.990476
26650 1 0.991619
26700 1 0.991429
26750 1 0.990857
26800 1 0.990857
26850 1 0.990095
26900 1 0.991048
26950 1 0.991238
27000 1 0.990667
27050 1 0.990095
27100 1 0.990667
27150 1 0.990286
27200 1 0.990476
27250 1 0.991238
27300 1 0.990286
27350 1 0.991048
27400 1 0.99181
27450 1 0.990476
27500 1 0.991238
27550 1 0.991238
27600 1 0.991619
27650 1 0.989524
27700 1 0.989714
27750 1 0.991429
27800 1 0.992
27850 1 0.991048
27900 1 0.991429
27950 1 0.991619
28000 1 0.991048
28050 1 0.991429
28100 1 0.990095
28150 1 0.990667
28200 1 0.990667
28250 1 0.990476
28300 1 0.990476
28350 1 0.989714
28400 1 0.990095
28450 1 0.991048
28500 1 0.989524
28550 1 0.990857
28600 1 0.990095
28650 1 0.990476
28700 1 0.991238
28750 1 0.990667
28800 1 0.99181
28850 1 0.991238
28900 1 0.992191
28950 1 0.990857
29000 1 0.991429
29050 1 0.992
29100 1 0.991238
29150 1 0.991238
29200 1 0.991619
29250 1 0.992191
29300 1 0.992
29350 1 0.99181
29400 1 0.992
29450 1 0.991238
29500 1 0.990667
29550 1 0.991048
29600 1 0.991238
29650 1 0.991238
29700 1 0.989905
29750 1 0.989905
29800 1 0.989143
29850 1 0.989714
29900 1 0.989905
29950 1 0.990667
30000 1 0.990095
30050 1 0.990857
30100 1 0.991238
30150 1 0.990667
30200 1 0.991048
30250 1 0.989905
30300 1 0.990095
30350 1 0.991048
30400 1 0.990286
30450 1 0.990286
30500 1 0.990286
30550 1 0.991048
30600 1 0.990095
30650 1 0.989524
30700 1 0.990095
30750 1 0.990667
30800 1 0.990095
30850 1 0.990476
30900 1 0.991238
30950 1 0.989714
31000 1 0.989905
31050 1 0.990476
31100 1 0.991619
31150 1 0.990857
31200 1 0.992191
31250 1 0.990857
31300 1 0.992
31350 1 0.991619
31400 1 0.992
31450 1 0.991048
31500 1 0.990286
31550 1 0.991048
31600 1 0.99181
31650 1 0.991429
31700 1 0.990857
31750 1 0.989524
31800 1 0.990286
31850 1 0.989524
31900 1 0.989905
31950 1 0.989714
32000 1 0.990476
32050 1 0.989905
32100 1 0.991048
32150 1 0.99181
32200 1 0.991619
32250 1 0.99181
32300 1 0.990476
32350 1 0.991048
32400 1 0.988762
32450 1 0.991619
32500 1 0.99181
32550 1 0.992
32600 1 0.992191
32650 1 0.990857
32700 1 0.991429
32750 1 0.990476
32800 1 0.990857
32850 1 0.990476
32900 1 0.990857
32950 1 0.991048
33000 1 0.988571
33050 1 0.988762
33100 1 0.991429
33150 1 0.989714
33200 1 0.990476
33250 1 0.987048
33300 1 0.988381
33350 1 0.989333
33400 1 0.991619
33450 1 0.991048
33500 1 0.990476
33550 1 0.989524
33600 1 0.990476
33650 1 0.990476
33700 1 0.991048
33750 1 0.991429
33800 1 0.991238
33850 1 0.990476
33900 1 0.991238
33950 1 0.990476
34000 1 0.989143
34050 1 0.991429
34100 1 0.989524
34150 1 0.989524
34200 1 0.988191
34250 1 0.990095
34300 1 0.989714
34350 1 0.989524
34400 1 0.989143
34450 1 0.988762
34500 1 0.990857
34550 1 0.990286
34600 1 0.989905
34650 1 0.990286
34700 1 0.991238
34750 1 0.99181
34800 1 0.990476
34850 1 0.991238
34900 1 0.990286
34950 1 0.989333
35000 1 0.990286
35050 1 0.990667
35100 1 0.990476
35150 1 0.990667
35200 1 0.991238
35250 1 0.991429
35300 1 0.991238
35350 1 0.991429
35400 1 0.990476
35450 1 0.990667
35500 1 0.991048
35550 1 0.990286
35600 1 0.990667
35650 1 0.990857
35700 1 0.990476
35750 1 0.991238
35800 1 0.990095
35850 1 0.988952
35900 1 0.990667
35950 1 0.990667
36000 1 0.990857
36050 1 0.990667
36100 1 0.990476
36150 1 0.990476
36200 1 0.991238
36250 1 0.990857
36300 1 0.990667
36350 1 0.990667
36400 1 0.990095
36450 1 0.992191
36500 1 0.990286
36550 1 0.990857
36600 1 0.990667
36650 1 0.990286
36700 1 0.991048
36750 1 0.991619
36800 1 0.990667
36850 1 0.991048
36900 1 0.99181
36950 1 0.990667
37000 1 0.990095
37050 1 0.989905
37100 1 0.988952
37150 1 0.991048
37200 1 0.99181
37250 1 0.992
37300 1 0.991619
37350 1 0.991238
37400 1 0.990286
37450 1 0.991048
37500 1 0.99181
37550 1 0.991238
37600 1 0.992762
37650 1 0.991619
37700 1 0.992
37750 1 0.990857
37800 1 0.992762
37850 1 0.991238
37900 1 0.991619
37950 1 0.992
38000 1 0.991429
38050 1 0.990857
38100 1 0.990667
38150 1 0.99181
38200 1 0.990857
38250 1 0.992
38300 1 0.990286
38350 1 0.990667
38400 1 0.989714
38450 1 0.990095
38500 1 0.990857
38550 1 0.990095
38600 1 0.990095
38650 1 0.991048
38700 1 0.991048
38750 1 0.991429
38800 1 0.990667
38850 1 0.989143
38900 1 0.989333
38950 1 0.990476
39000 1 0.991048
39050 1 0.990667
39100 1 0.989905
39150 1 0.990667
39200 1 0.988381
39250 1 0.991048
39300 1 0.990667
39350 1 0.990476
39400 1 0.991429
39450 1 0.990286
39500 1 0.990857
39550 1 0.990476
39600 1 0.989714
39650 1 0.988952
39700 1 0.991048
39750 1 0.991048
39800 1 0.991429
39850 1 0.991048
39900 1 0.991619
39950 1 0.990667
40000 1 0.991048
40050 1 0.989714
40100 1 0.991048
40150 1 0.99181
40200 1 0.990857
40250 1 0.990667
40300 1 0.991429
40350 1 0.989905
40400 1 0.992
40450 1 0.99181
40500 1 0.991619
40550 1 0.99181
40600 1 0.991238
40650 1 0.991429
40700 1 0.991619
40750 1 0.99181
40800 1 0.991429
40850 1 0.989905
40900 1 0.991238
40950 1 0.991429
41000 1 0.991619
41050 1 0.99181
41100 1 0.99181
41150 1 0.991048
41200 1 0.990857
41250 1 0.988952
41300 1 0.990667
41350 1 0.991238
41400 1 0.990857
41450 1 0.990286
41500 1 0.989905
41550 1 0.990667
41600 1 0.991048
41650 1 0.990667
41700 1 0.990857
41750 1 0.990667
41800 1 0.991048
41850 1 0.992381
41900 1 0.990857
41950 1 0.992381
42000 1 0.990095
42050 1 0.989905
42100 1 0.991048
42150 1 0.99181
42200 1 0.990857
42250 1 0.992381
42300 1 0.991429
42350 1 0.990667
42400 1 0.991238
42450 1 0.992381
42500 1 0.992191
42550 1 0.991619
42600 1 0.99181
42650 1 0.99181
42700 1 0.992381
42750 1 0.991048
42800 1 0.99181
42850 1 0.992191
42900 1 0.992381
42950 1 0.992191
43000 1 0.992381
43050 1 0.992191
43100 1 0.992191
43150 1 0.991619
43200 1 0.992191
43250 1 0.992
43300 1 0.992
43350 1 0.99181
43400 1 0.991619
43450 1 0.992
43500 1 0.992191
43550 1 0.99181
43600 1 0.992
43650 1 0.992
43700 1 0.992191
43750 1 0.991238
43800 1 0.991429
43850 1 0.989143
43900 1 0.990667
43950 1 0.991238
44000 1 0.991048
44050 1 0.992191
44100 1 0.991048
44150 1 0.991619
44200 1 0.99181
44250 1 0.991619
44300 1 0.991429
44350 1 0.990286
44400 1 0.99181
44450 1 0.99181
44500 1 0.992
44550 1 0.992571
44600 1 0.991238
44650 1 0.991619
44700 1 0.991048
44750 1 0.992
44800 1 0.99181
44850 1 0.992381
44900 1 0.992191
44950 1 0.992381
45000 1 0.992191
45050 1 0.99181
45100 1 0.991238
45150 1 0.991238
45200 1 0.992
45250 1 0.992381
45300 1 0.992381
45350 1 0.992571
45400 1 0.992762
45450 1 0.992381
45500 1 0.992381
45550 1 0.992191
45600 1 0.991619
45650 1 0.992
45700 1 0.991429
45750 1 0.990857
45800 1 0.992381
45850 1 0.992381
45900 1 0.991429
45950 1 0.991048
46000 1 0.989524
46050 1 0.990667
46100 1 0.991238
46150 1 0.992191
46200 1 0.991619
46250 1 0.992571
46300 1 0.990286
46350 1 0.991048
46400 1 0.992571
46450 1 0.992
46500 1 0.992191
46550 1 0.990476
46600 1 0.990667
46650 1 0.991429
46700 1 0.991619
46750 1 0.991238
46800 1 0.991619
46850 1 0.991048
46900 1 0.990476
46950 1 0.991619
47000 1 0.991619
47050 1 0.991048
47100 1 0.991429
47150 1 0.991238
47200 1 0.991238
47250 1 0.991238
47300 1 0.991238
47350 1 0.991619
47400 1 0.990857
47450 1 0.991619
47500 1 0.991238
47550 1 0.990286
47600 1 0.989905
47650 1 0.991048
47700 1 0.991429
47750 1 0.990857
47800 1 0.990667
47850 1 0.989333
47900 1 0.991048
47950 1 0.991048
48000 1 0.991429
48050 1 0.990095
48100 1 0.989714
48150 1 0.990286
48200 1 0.990667
48250 1 0.990286
48300 1 0.990667
48350 1 0.989524
48400 1 0.992
48450 1 0.990286
48500 1 0.991238
48550 1 0.990476
48600 1 0.990857
48650 1 0.990667
48700 1 0.989905
48750 1 0.990286
48800 1 0.989905
48850 1 0.990286
48900 1 0.990095
48950 1 0.990095
49000 1 0.990286
49050 1 0.990476
49100 1 0.990286
49150 1 0.990476
49200 1 0.990857
49250 1 0.991048
49300 1 0.990286
49350 1 0.990667
49400 1 0.990095
49450 1 0.990476
49500 1 0.990095
49550 1 0.990095
49600 1 0.988952
49650 1 0.990286
49700 1 0.990286
49750 1 0.990667
49800 1 0.990095
49850 1 0.989524
49900 1 0.990476
49950 1 0.991238
50000 1 0.990667
50050 1 0.990476
50100 1 0.989714
50150 1 0.990286
50200 1 0.990095
50250 1 0.990667
50300 1 0.990286
50350 1 0.990667
50400 1 0.990667
50450 1 0.990095
50500 1 0.990286
50550 1 0.990286
50600 1 0.990286
50650 1 0.990095
50700 1 0.990286
50750 1 0.989524
50800 1 0.989143
50850 1 0.990095
50900 1 0.990857
50950 1 0.989143
51000 1 0.990286
51050 1 0.990667
51100 1 0.991429
51150 1 0.991429
51200 1 0.99181
51250 1 0.990476
51300 1 0.991429
51350 1 0.992571
51400 1 0.991238
51450 1 0.991238
51500 1 0.990667
51550 1 0.991429
51600 1 0.991429
51650 1 0.991238
51700 1 0.991429
51750 1 0.991429
51800 1 0.991238
51850 1 0.989524
51900 1 0.990667
51950 1 0.989905
52000 1 0.991238
52050 1 0.991429
52100 1 0.991429
52150 1 0.992
52200 1 0.990857
52250 1 0.988762
52300 1 0.990667
52350 1 0.989714
52400 1 0.990667
52450 1 0.991048
52500 1 0.990476
52550 1 0.992
52600 1 0.991238
52650 1 0.991048
52700 1 0.989905
52750 1 0.990857
52800 1 0.990476
52850 1 0.990667
52900 1 0.990476
52950 1 0.990286
53000 1 0.991429
53050 1 0.991048
53100 1 0.98781
53150 1 0.990667
53200 1 0.990286
53250 1 0.989714
53300 1 0.990095
53350 1 0.990857
53400 1 0.989905
53450 1 0.990095
53500 1 0.990667
53550 1 0.990857
53600 1 0.991429
53650 1 0.990667
53700 1 0.991048
53750 1 0.991238
53800 1 0.990095
53850 0.997143 0.989143
53900 1 0.990667
53950 1 0.990667
54000 1 0.990286
54050 1 0.99181
54100 1 0.991048
54150 1 0.990476
54200 1 0.991048
54250 1 0.991048
54300 1 0.99181
54350 1 0.991619
54400 1 0.990095
54450 1 0.990667
54500 1 0.991048
54550 1 0.991238
54600 1 0.99181
54650 1 0.992762
54700 1 0.990286
54750 1 0.991238
54800 1 0.991429
54850 1 0.99181
54900 1 0.990857
54950 1 0.991048
55000 1 0.989905
55050 1 0.990095
55100 1 0.991619
55150 1 0.991048
55200 1 0.992
55250 1 0.991238
55300 1 0.991619
55350 1 0.990857
55400 1 0.991048
55450 1 0.991238
55500 1 0.991429
55550 1 0.99181
55600 1 0.991429
55650 1 0.987619
55700 1 0.991429
55750 1 0.990095
55800 1 0.990667
55850 1 0.990286
55900 1 0.990667
55950 1 0.990286
56000 1 0.990286
56050 1 0.988952
56100 1 0.990095
56150 1 0.990857
56200 1 0.990286
56250 1 0.989905
56300 1 0.989905
56350 1 0.990476
56400 1 0.990857
56450 1 0.990857
56500 1 0.991429
56550 1 0.991619
56600 1 0.991429
56650 1 0.99181
56700 1 0.991238
56750 1 0.990667
56800 1 0.991048
56850 1 0.991048
56900 1 0.991429
56950 1 0.990095
57000 1 0.990286
57050 1 0.991048
57100 1 0.991429
57150 1 0.992
57200 1 0.989333
57250 1 0.990476
57300 1 0.991238
57350 1 0.991619
57400 1 0.991048
57450 1 0.991238
57500 1 0.990857
57550 1 0.990476
57600 1 0.989905
57650 1 0.990476
57700 1 0.989905
57750 1 0.990667
57800 1 0.988381
57850 1 0.990095
57900 1 0.989143
57950 1 0.989905
58000 1 0.989905
58050 1 0.990095
58100 1 0.989905
58150 1 0.990857
58200 1 0.990476
58250 1 0.990667
58300 1 0.991048
58350 1 0.990667
58400 1 0.991048
58450 1 0.991238
58500 1 0.991238
58550 1 0.990667
58600 1 0.991238
58650 1 0.990667
58700 1 0.990286
58750 1 0.988191
58800 1 0.988952
58850 1 0.990095
58900 1 0.990476
58950 1 0.989714
59000 1 0.991429
59050 1 0.991619
59100 1 0.991048
59150 1 0.991429
59200 1 0.99181
59250 1 0.991619
59300 1 0.99181
59350 1 0.992
59400 1 0.992
59450 1 0.989333
59500 1 0.989333
59550 1 0.990095
59600 1 0.990476
59650 1 0.991429
59700 1 0.990286
59750 1 0.990667
59800 1 0.991238
59850 1 0.990286
59900 1 0.990857
59950 1 0.990095
60000 1 0.990476
60050 1 0.989905
60100 1 0.990857
60150 1 0.987238
60200 1 0.991619
60250 1 0.991238
60300 1 0.992
60350 1 0.991048
60400 1 0.990667
60450 1 0.990286
60500 1 0.990667
60550 1 0.990667
60600 1 0.990667
60650 1 0.991238
60700 1 0.991238
60750 1 0.991048
60800 1 0.990667
60850 1 0.991048
60900 1 0.990857
60950 1 0.990857
61000 1 0.991048
61050 1 0.990476
61100 1 0.990857
61150 1 0.990857
61200 1 0.990476
61250 1 0.991238
61300 1 0.99181
61350 1 0.99181
61400 1 0.991619
61450 1 0.99181
61500 1 0.991619
61550 1 0.991429
61600 1 0.992
61650 1 0.991238
61700 1 0.990667
61750 1 0.991619
61800 1 0.99181
61850 1 0.992
61900 1 0.991619
61950 1 0.99181
62000 1 0.990857
62050 1 0.99181
62100 1 0.99181
62150 1 0.991619
62200 1 0.991048
62250 1 0.990667
62300 1 0.990286
62350 1 0.990286
62400 1 0.989714
62450 1 0.990476
62500 1 0.990286
62550 1 0.990667
62600 1 0.991048
62650 1 0.990286
62700 1 0.991238
62750 1 0.991238
62800 1 0.990857
62850 1 0.990667
62900 1 0.991048
62950 1 0.991238
63000 1 0.990667
63050 1 0.990857
63100 1 0.990857
63150 1 0.990476
63200 1 0.990857
63250 1 0.990857
63300 1 0.990476
63350 1 0.992381
63400 1 0.992
63450 1 0.989905
63500 1 0.991238
63550 1 0.992191
63600 1 0.992381
63650 1 0.992571
63700 1 0.990667
63750 1 0.991429
63800 1 0.992
63850 1 0.991238
63900 1 0.990857
63950 1 0.991238
64000 1 0.991048
64050 1 0.990667
64100 1 0.990857
64150 1 0.990286
64200 1 0.990667
64250 1 0.992191
64300 1 0.99181
64350 1 0.992
64400 1 0.992191
64450 1 0.99181
64500 1 0.991429
64550 1 0.990667
64600 1 0.991238
64650 1 0.991619
64700 1 0.991619
64750 1 0.991429
64800 1 0.991429
64850 1 0.990667
64900 1 0.990857
64950 1 0.991429
65000 1 0.99181
65050 1 0.99181
65100 1 0.992571
65150 1 0.992952
65200 1 0.990857
65250 1 0.992
65300 1 0.992381
65350 1 0.992381
65400 1 0.992952
65450 1 0.991238
65500 1 0.990857
65550 1 0.990857
65600 1 0.990857
65650 1 0.992
65700 1 0.992191
65750 1 0.992
65800 1 0.990286
65850 1 0.991429
65900 1 0.991238
65950 1 0.991238
66000 1 0.991238
66050 1 0.990857
66100 1 0.989714
66150 1 0.989524
66200 1 0.991048
66250 1 0.991048
66300 1 0.991238
66350 1 0.991238
66400 1 0.989714
66450 1 0.990857
66500 1 0.990476
66550 1 0.990667
66600 1 0.990286
66650 1 0.990857
66700 1 0.991429
66750 1 0.990857
66800 1 0.991238
66850 1 0.991238
66900 1 0.991238
66950 1 0.992
67000 1 0.991619
67050 1 0.992
67100 1 0.992
67150 1 0.992
67200 1 0.992
67250 1 0.992
67300 1 0.992381
67350 1 0.992381
67400 1 0.992571
67450 1 0.989905
67500 1 0.990667
67550 1 0.991238
67600 1 0.990857
67650 1 0.990476
67700 1 0.990857
67750 1 0.991238
67800 1 0.991048
67850 1 0.990857
67900 1 0.991619
67950 1 0.991429
68000 1 0.991238
68050 1 0.992191
68100 1 0.989714
68150 1 0.991048
68200 1 0.990286
68250 1 0.991238
68300 1 0.991619
68350 1 0.992381
68400 1 0.990286
68450 1 0.989905
68500 1 0.991238
68550 1 0.991429
68600 1 0.99181
68650 1 0.991619
68700 1 0.992571
68750 1 0.992381
68800 1 0.991429
68850 1 0.99181
68900 1 0.99181
68950 1 0.992381
69000 1 0.99181
69050 1 0.992762
69100 1 0.992
69150 1 0.99181
69200 1 0.99181
69250 1 0.992571
69300 1 0.991429
69350 1 0.991619
69400 1 0.992952
69450 1 0.993143
69500 1 0.992952
69550 1 0.992571
69600 1 0.992381
69650 1 0.992381
69700 1 0.992571
69750 1 0.990857
69800 1 0.991238
69850 1 0.991238
69900 1 0.991238
69950 1 0.990095
70000 1 0.991238
70050 1 0.992381
70100 1 0.992
70150 1 0.99181
70200 1 0.992
70250 1 0.991619
70300 1 0.992381
70350 1 0.992381
70400 1 0.992191
70450 1 0.992571
70500 1 0.991429
70550 1 0.991238
70600 1 0.991429
70650 1 0.991048
70700 1 0.991429
70750 1 0.99181
70800 1 0.991238
70850 1 0.991619
70900 1 0.992
70950 1 0.992191
71000 1 0.992
71050 1 0.991238
71100 1 0.989714
71150 1 0.991048
71200 1 0.991238
71250 1 0.989905
71300 1 0.99181
71350 1 0.992
71400 1 0.991429
71450 1 0.991048
71500 1 0.990857
71550 1 0.991048
71600 1 0.991048
71650 1 0.990476
71700 1 0.990667
71750 1 0.990095
71800 1 0.990476
71850 1 0.990286
71900 1 0.991429
71950 1 0.99181
72000 1 0.992381
72050 1 0.991429
72100 1 0.990857
72150 1 0.991429
72200 1 0.99181
72250 1 0.992191
72300 1 0.992191
72350 1 0.992191
72400 1 0.992762
72450 1 0.99181
72500 1 0.992571
72550 1 0.992952
72600 1 0.990857
72650 1 0.989714
72700 1 0.989333
72750 1 0.991619
72800 1 0.99181
72850 1 0.992571
72900 1 0.992
72950 1 0.99181
73000 1 0.991619
73050 1 0.99181
73100 1 0.991619
73150 1 0.991619
73200 1 0.992191
73250 1 0.992
73300 1 0.991048
73350 1 0.991429
73400 1 0.990286
73450 1 0.992
73500 1 0.991429
73550 1 0.990857
73600 1 0.991619
73650 1 0.991429
73700 1 0.991429
73750 1 0.990857
73800 1 0.992
73850 1 0.991619
73900 1 0.991429
73950 1 0.992191
74000 1 0.992
74050 1 0.991619
74100 1 0.991429
74150 1 0.992
74200 1 0.992
74250 1 0.992
74300 1 0.99181
74350 1 0.992381
74400 1 0.992571
74450 1 0.992381
74500 1 0.992381
74550 1 0.992381
74600 1 0.992
74650 1 0.992191
74700 1 0.991429
74750 1 0.991429
74800 1 0.991238
74850 1 0.992
74900 1 0.992381
74950 1 0.992571
75000 1 0.992381
75050 1 0.992381
75100 1 0.992191
75150 1 0.992571
75200 1 0.992571
75250 1 0.992571
75300 1 0.992571
75350 1 0.992
75400 1 0.992191
75450 1 0.99181
75500 1 0.988571
75550 1 0.990095
75600 1 0.991048
75650 1 0.990667
75700 1 0.991048
75750 1 0.991429
75800 1 0.991429
75850 1 0.990857
75900 1 0.990095
75950 1 0.99181
76000 1 0.991048
76050 1 0.990095
76100 1 0.990095
76150 1 0.991238
76200 1 0.992
76250 1 0.989333
76300 1 0.991048
76350 1 0.991619
76400 1 0.991048
76450 1 0.989714
76500 1 0.990095
76550 1 0.990857
76600 1 0.991429
76650 1 0.991238
76700 1 0.991429
76750 1 0.991238
76800 1 0.990476
76850 1 0.990857
76900 1 0.990476
76950 1 0.990857
77000 1 0.991429
77050 1 0.991238
77100 1 0.991429
77150 1 0.989905
77200 1 0.991238
77250 1 0.991619
77300 1 0.991238
77350 1 0.991429
77400 1 0.991238
77450 1 0.990286
77500 1 0.990476
77550 1 0.990857
77600 1 0.990667
77650 1 0.990667
77700 1 0.990667
77750 1 0.990667
77800 1 0.992
77850 1 0.991048
77900 1 0.992
77950 1 0.990857
78000 1 0.99181
78050 1 0.990095
78100 1 0.99181
78150 1 0.991048
78200 1 0.990857
78250 1 0.991048
78300 1 0.991048
78350 1 0.991238
78400 1 0.991238
78450 1 0.991429
78500 1 0.99181
78550 1 0.990857
78600 1 0.99181
78650 1 0.992191
78700 1 0.990667
78750 1 0.991048
78800 1 0.991429
78850 1 0.99181
78900 1 0.991619
78950 1 0.991429
79000 1 0.99181
79050 1 0.991238
79100 1 0.991238
79150 1 0.990667
79200 1 0.991048
79250 1 0.991238
79300 1 0.99181
79350 1 0.99181
79400 1 0.991238
79450 1 0.991048
79500 1 0.990476
79550 1 0.990286
79600 1 0.992381
79650 1 0.991619
79700 1 0.990476
79750 1 0.991048
79800 1 0.990476
79850 1 0.991429
79900 1 0.990857
79950 1 0.991048
80000 1 0.990667
80050 1 0.991238
80100 1 0.990095
80150 1 0.990286
80200 1 0.989905
80250 1 0.989905
80300 1 0.989143
80350 1 0.988952
80400 1 0.989524
80450 1 0.989333
80500 1 0.989333
80550 1 0.988952
80600 1 0.98781
80650 1 0.991048
80700 1 0.991048
80750 1 0.990667
80800 1 0.990095
80850 1 0.990286
80900 1 0.990286
80950 1 0.991429
81000 1 0.991238
81050 1 0.991429
81100 1 0.991048
81150 1 0.991048
81200 1 0.991048
81250 1 0.991238
81300 1 0.989524
81350 1 0.992381
81400 1 0.991429
81450 1 0.990286
81500 1 0.990476
81550 1 0.99181
81600 1 0.991048
81650 1 0.991619
81700 1 0.992571
81750 1 0.992381
81800 1 0.991048
81850 1 0.991619
81900 1 0.991048
81950 1 0.990857
82000 1 0.990667
82050 1 0.991048
82100 1 0.990857
82150 1 0.991429
82200 1 0.991238
82250 1 0.991429
82300 1 0.991429
82350 1 0.991238
82400 1 0.991429
82450 1 0.991619
82500 1 0.991619
82550 1 0.991429
82600 1 0.991429
82650 1 0.991619
82700 1 0.991238
82750 1 0.991619
82800 1 0.991619
82850 1 0.991619
82900 1 0.992191
82950 1 0.991619
83000 1 0.990667
83050 1 0.990095
83100 1 0.990667
83150 1 0.990476
83200 1 0.991048
83250 1 0.990857
83300 1 0.991429
83350 1 0.991429
83400 1 0.991238
83450 1 0.991429
83500 1 0.99181
83550 1 0.991429
83600 1 0.991048
83650 1 0.990857
83700 1 0.991619
83750 1 0.991429
83800 1 0.991048
83850 1 0.991238
83900 1 0.990667
83950 1 0.989905
84000 1 0.989905
84050 1 0.990857
84100 1 0.991429
84150 1 0.991238
84200 1 0.991619
84250 1 0.99181
84300 1 0.992191
84350 1 0.991238
84400 1 0.991048
84450 1 0.990857
84500 1 0.99181
84550 1 0.991238
84600 1 0.990476
84650 1 0.990286
84700 1 0.992191
84750 1 0.991238
84800 1 0.991619
84850 1 0.99181
84900 1 0.992191
84950 1 0.99181
85000 1 0.992
85050 1 0.992
85100 1 0.992
85150 1 0.992
85200 1 0.99181
85250 1 0.99181
85300 1 0.992
85350 1 0.99181
85400 1 0.99181
85450 1 0.992
85500 1 0.991238
85550 1 0.990667
85600 1 0.99181
85650 1 0.991619
85700 1 0.991429
85750 1 0.991429
85800 1 0.991238
85850 1 0.99181
85900 1 0.99181
85950 1 0.992191
86000 1 0.992
86050 1 0.992381
86100 1 0.99181
86150 1 0.99181
86200 1 0.99181
86250 1 0.992
86300 1 0.992
86350 1 0.992
86400 1 0.992
86450 1 0.992
86500 1 0.991619
86550 1 0.991619
86600 1 0.991619
86650 1 0.991619
86700 1 0.991619
86750 1 0.991619
86800 1 0.991238
86850 1 0.991429
86900 1 0.991619
86950 1 0.992191
87000 1 0.992
87050 1 0.992
87100 1 0.990095
87150 1 0.992191
87200 1 0.991048
87250 1 0.988381
87300 1 0.992191
87350 1 0.992571
87400 1 0.992191
87450 1 0.992571
87500 1 0.992762
87550 1 0.991048
87600 1 0.992571
87650 1 0.99181
87700 1 0.992571
87750 1 0.991048
87800 1 0.991619
87850 1 0.991048
87900 1 0.989905
87950 1 0.99181
88000 1 0.992952
88050 1 0.992952
88100 1 0.992952
88150 1 0.992762
88200 1 0.992952
88250 1 0.992952
88300 1 0.992
88350 1 0.992
88400 1 0.992
88450 1 0.992
88500 1 0.990286
88550 1 0.992381
88600 1 0.991238
88650 1 0.990476
88700 1 0.990667
88750 1 0.991429
88800 1 0.990857
88850 1 0.991238
88900 1 0.991238
88950 1 0.99181
89000 1 0.992191
89050 1 0.992571
89100 1 0.99181
89150 1 0.990857
89200 1 0.991238
89250 1 0.991429
89300 1 0.992191
89350 1 0.992381
89400 1 0.992381
89450 1 0.991619
89500 1 0.991429
89550 1 0.991429
89600 1 0.992191
89650 1 0.992381
89700 1 0.991048
89750 1 0.990857
89800 1 0.991238
89850 1 0.991619
89900 1 0.991048
89950 1 0.990667
90000 1 0.990857
90050 1 0.990857
90100 1 0.990857
90150 1 0.991238
90200 1 0.990476
90250 1 0.991048
90300 1 0.992191
90350 1 0.991048
90400 1 0.992191
90450 1 0.991429
90500 1 0.991429
90550 1 0.99181
90600 1 0.991429
90650 1 0.991429
90700 1 0.991619
90750 1 0.990667
90800 1 0.991048
90850 1 0.99181
90900 1 0.99181
90950 1 0.991429
91000 1 0.992191
91050 1 0.991048
91100 1 0.992191
91150 1 0.992191
91200 1 0.991429
91250 1 0.991619
91300 1 0.992571
91350 1 0.992952
91400 1 0.993333
91450 1 0.992
91500 1 0.992191
91550 1 0.99181
91600 1 0.991619
91650 1 0.992571
91700 1 0.992571
91750 1 0.991619
91800 1 0.991619
91850 1 0.992
91900 1 0.99181
91950 1 0.993524
92000 1 0.991048
92050 1 0.992381
92100 1 0.992191
92150 1 0.990857
92200 1 0.990476
92250 1 0.992
92300 1 0.991429
92350 1 0.991238
92400 1 0.991048
92450 1 0.991619
92500 1 0.991238
92550 1 0.992571
92600 1 0.991048
92650 1 0.991619
92700 1 0.991619
92750 1 0.991429
92800 1 0.991238
92850 1 0.992381
92900 1 0.992191
92950 1 0.991048
93000 1 0.990857
93050 1 0.992191
93100 1 0.990095
93150 1 0.991238
93200 1 0.991429
93250 1 0.992
93300 1 0.992381
93350 1 0.990857
93400 1 0.991238
93450 1 0.991048
93500 1 0.992381
93550 1 0.992
93600 1 0.991238
93650 1 0.991619
93700 1 0.991429
93750 1 0.991619
93800 1 0.991048
93850 1 0.990476
93900 1 0.991429
93950 1 0.991048
94000 1 0.991429
94050 1 0.990286
94100 1 0.990857
94150 1 0.991048
94200 1 0.991238
94250 1 0.991429
94300 1 0.991238
94350 1 0.991619
94400 1 0.991238
94450 1 0.992
94500 1 0.991619
94550 1 0.991429
94600 1 0.991429
94650 1 0.991429
94700 1 0.990857
94750 1 0.991238
94800 1 0.991048
94850 1 0.991238
94900 1 0.991238
94950 1 0.991429
95000 1 0.99181
95050 1 0.992
95100 1 0.99181
95150 1 0.992191
95200 1 0.991429
95250 1 0.991429
95300 1 0.991429
95350 1 0.991429
95400 1 0.989714
95450 1 0.990476
95500 1 0.990667
95550 1 0.991238
95600 1 0.990857
95650 1 0.991619
95700 1 0.992
95750 1 0.99181
95800 1 0.992381
95850 1 0.992762
95900 1 0.992571
95950 1 0.993143
96000 1 0.992762
96050 1 0.992571
96100 1 0.992381
96150 1 0.992762
96200 1 0.992
96250 1 0.992191
96300 1 0.992381
96350 1 0.992571
96400 1 0.992191
96450 1 0.991619
96500 1 0.991619
96550 1 0.991429
96600 1 0.992
96650 1 0.992191
96700 1 0.990286
96750 1 0.990095
96800 1 0.989333
96850 1 0.988952
96900 1 0.990857
96950 1 0.991429
97000 1 0.991048
97050 1 0.991048
97100 1 0.991619
97150 1 0.992
97200 1 0.992
97250 1 0.992191
97300 1 0.992
97350 1 0.99181
97400 1 0.992571
97450 1 0.991619
97500 1 0.991619
97550 1 0.99181
97600 1 0.99181
97650 1 0.99181
97700 1 0.992
97750 1 0.992
97800 1 0.99181
97850 1 0.99181
97900 1 0.991429
97950 1 0.992
98000 1 0.992
98050 1 0.991619
98100 1 0.992762
98150 1 0.99181
98200 1 0.992191
98250 1 0.992381
98300 1 0.992191
98350 1 0.992191
98400 1 0.991238
98450 1 0.991238
98500 1 0.992191
98550 1 0.99181
98600 1 0.991048
98650 1 0.991429
98700 1 0.990286
98750 1 0.99181
98800 1 0.990095
98850 1 0.990857
98900 1 0.990095
98950 1 0.990286
99000 1 0.990857
99050 1 0.990476
99100 1 0.990667
99150 1 0.991619
99200 1 0.991429
99250 1 0.991429
99300 1 0.991429
99350 1 0.991238
99400 1 0.990476
99450 1 0.990667
99500 1 0.991048
99550 1 0.991619
99600 1 0.991238
99650 1 0.992191
99700 1 0.991619
99750 1 0.991619
99800 1 0.992
99850 1 0.989524
99900 1 0.990286
99950 1 0.991238
100000 1 0.992191
100050 1 0.992571
100100 1 0.992381
100150 1 0.992762
100200 1 0.992762
100250 1 0.992762
100300 1 0.992571
100350 1 0.991429
100400 1 0.991619
100450 1 0.992
100500 1 0.991429
100550 1 0.992191
100600 1 0.991429
100650 1 0.992
100700 1 0.99181
100750 1 0.991619
100800 1 0.991619
100850 1 0.991238
100900 1 0.992
100950 1 0.992
101000 1 0.992952
101050 1 0.992571
101100 1 0.992952
101150 1 0.992
101200 1 0.991619
101250 1 0.992571
101300 1 0.991048
101350 1 0.99181
101400 1 0.992381
101450 1 0.992381
101500 1 0.990857
101550 1 0.991429
101600 1 0.99181
101650 1 0.991429
101700 1 0.99181
101750 1 0.992381
101800 1 0.990286
101850 1 0.991429
101900 1 0.99181
101950 1 0.991619
102000 1 0.991429
102050 1 0.991429
102100 1 0.991429
102150 1 0.992191
102200 1 0.992191
102250 1 0.992
102300 1 0.992381
102350 1 0.992381
102400 1 0.992381
102450 1 0.992381
102500 1 0.992381
102550 1 0.992381
102600 1 0.992381
102650 1 0.99181
102700 1 0.992
102750 1 0.992
102800 1 0.991048
102850 1 0.991619
102900 1 0.992
102950 1 0.99181
103000 1 0.990857
103050 1 0.990286
103100 1 0.99181
103150 1 0.991048
103200 1 0.992
103250 1 0.991238
103300 1 0.990286
103350 1 0.990476
103400 1 0.991619
103450 1 0.991619
103500 1 0.992191
103550 1 0.991429
103600 1 0.991048
103650 1 0.991238
103700 1 0.991048
103750 1 0.990857
103800 1 0.990857
103850 1 0.992191
103900 1 0.992191
103950 1 0.992191
104000 1 0.992571
104050 1 0.992571
104100 1 0.992762
104150 1 0.99181
104200 1 0.992
104250 1 0.992
104300 1 0.99181
104350 1 0.992
104400 1 0.992
104450 1 0.992
104500 1 0.990857
104550 1 0.988762
104600 1 0.989905
104650 1 0.989905
104700 1 0.991048
104750 1 0.989524
104800 1 0.99181
104850 1 0.991238
104900 1 0.991429
104950 1 0.99181
105000 1 0.992381
105050 1 0.991619
105100 1 0.99181
105150 1 0.99181
105200 1 0.991619
105250 1 0.991619
105300 1 0.992
105350 1 0.991619
105400 1 0.991429
105450 1 0.991238
105500 1 0.991429
105550 1 0.991429
105600 1 0.992381
105650 1 0.991619
105700 1 0.992381
105750 1 0.992381
105800 1 0.992571
105850 1 0.991048
105900 1 0.99181
105950 1 0.992
106000 1 0.991048
106050 1 0.991619
106100 1 0.991048
106150 1 0.99181
106200 1 0.99181
106250 1 0.992191
106300 1 0.991619
106350 1 0.991429
106400 1 0.990476
106450 1 0.990286
106500 1 0.991238
106550 1 0.988762
106600 1 0.991048
106650 1 0.990286
106700 1 0.988381
106750 1 0.989905
106800 1 0.991048
106850 1 0.991048
106900 1 0.990286
106950 1 0.990667
107000 1 0.991048
107050 1 0.990476
107100 1 0.990667
107150 1 0.990857
107200 1 0.990857
107250 1 0.991238
107300 1 0.991048
107350 1 0.990857
107400 1 0.990857
107450 1 0.990476
107500 1 0.990476
107550 1 0.990667
107600 1 0.991238
107650 1 0.991048
107700 1 0.990857
107750 1 0.991048
107800 1 0.992
107850 1 0.992
107900 1 0.991048
107950 1 0.991238
108000 1 0.99181
108050 1 0.99181
108100 1 0.99181
108150 1 0.992
108200 1 0.991619
108250 1 0.992191
108300 1 0.992191
108350 1 0.992571
108400 1 0.992381
108450 1 0.992952
108500 1 0.993143
108550 1 0.993143
108600 1 0.992952
108650 1 0.993143
108700 1 0.992952
108750 1 0.993143
108800 1 0.992952
108850 1 0.992762
108900 1 0.992571
108950 1 0.992381
109000 1 0.992381
109050 1 0.992571
109100 1 0.992571
109150 1 0.992
109200 1 0.992
109250 1 0.992191
109300 1 0.992762
109350 1 0.992191
109400 1 0.991619
109450 1 0.992191
109500 1 0.99181
109550 1 0.991619
109600 1 0.992
109650 1 0.989143
109700 1 0.991238
109750 1 0.991619
109800 1 0.992
109850 1 0.991619
109900 1 0.992571
109950 1 0.992762
110000 1 0.992762
110050 1 0.991429
110100 1 0.991429
110150 1 0.991238
110200 1 0.988952
110250 1 0.992
110300 1 0.991619
110350 1 0.991238
110400 1 0.990667
110450 1 0.99181
110500 1 0.992191
110550 1 0.992381
110600 1 0.992191
110650 1 0.990095
110700 1 0.991619
110750 1 0.992191
110800 1 0.992191
110850 1 0.99181
110900 1 0.992571
110950 1 0.99181
111000 1 0.992
111050 1 0.992191
111100 1 0.992191
111150 1 0.991619
111200 1 0.989905
111250 1 0.99181
111300 1 0.991238
111350 1 0.991238
111400 1 0.992
111450 1 0.990286
111500 1 0.991619
111550 1 0.991048
111600 1 0.991048
111650 1 0.992191
111700 1 0.992
111750 1 0.992
111800 1 0.989143
111850 1 0.992191
111900 1 0.991619
111950 1 0.992
112000 1 0.992191
112050 1 0.992191
112100 1 0.992191
112150 1 0.992
112200 1 0.992
112250 1 0.992
112300 1 0.992
112350 1 0.992381
112400 1 0.992381
112450 1 0.992
112500 1 0.991429
112550 1 0.991048
112600 1 0.992
112650 1 0.992
112700 1 0.992
112750 1 0.991619
112800 1 0.991619
112850 1 0.991048
112900 1 0.991238
112950 1 0.99181
113000 1 0.99181
113050 1 0.991429
113100 1 0.99181
113150 1 0.992
113200 1 0.99181
113250 1 0.991238
113300 1 0.991238
113350 1 0.991429
113400 1 0.991619
113450 1 0.99181
113500 1 0.992191
113550 1 0.992191
113600 1 0.99181
113650 1 0.990857
113700 1 0.990857
113750 1 0.990667
113800 1 0.99181
113850 1 0.99181
113900 1 0.99181
113950 1 0.991238
114000 1 0.991619
114050 1 0.99181
114100 1 0.991238
114150 1 0.991619
114200 1 0.990286
114250 1 0.991048
114300 1 0.991429
114350 1 0.991429
114400 1 0.991238
114450 1 0.991238
114500 1 0.991238
114550 1 0.991238
114600 1 0.991429
114650 1 0.991429
114700 1 0.989714
114750 1 0.989524
114800 1 0.990286
114850 1 0.989905
114900 1 0.990667
114950 1 0.989905
115000 1 0.991429
115050 1 0.991238
115100 1 0.990095
115150 1 0.991429
115200 1 0.991048
115250 1 0.99181
115300 1 0.992191
115350 1 0.99181
115400 1 0.991048
115450 1 0.991048
115500 1 0.991238
115550 1 0.991429
115600 1 0.991048
115650 1 0.990857
115700 1 0.991238
115750 1 0.991238
115800 1 0.991238
115850 1 0.991048
115900 1 0.990857
115950 1 0.990857
116000 1 0.990857
116050 1 0.991048
116100 1 0.991238
116150 1 0.991238
116200 1 0.991429
116250 1 0.991238
116300 1 0.991429
116350 1 0.991429
116400 1 0.991429
116450 1 0.991429
116500 1 0.991429
116550 1 0.991048
116600 1 0.991238
116650 1 0.990667
116700 1 0.990476
116750 1 0.992
116800 1 0.991238
116850 1 0.992
116900 1 0.992762
116950 1 0.993333
117000 1 0.993143
117050 1 0.99181
117100 1 0.990667
117150 1 0.99181
117200 1 0.992191
117250 1 0.991619
117300 1 0.991238
117350 1 0.991238
117400 1 0.99181
117450 1 0.992
117500 1 0.991619
117550 1 0.99181
117600 1 0.99181
117650 1 0.99181
117700 1 0.992191
117750 1 0.992191
117800 1 0.989905
117850 1 0.990667
117900 1 0.989905
117950 1 0.989905
118000 1 0.990095
118050 1 0.990667
118100 1 0.990476
118150 1 0.991429
118200 1 0.991238
118250 1 0.991238
118300 1 0.991429
118350 1 0.992
118400 1 0.992
118450 1 0.991619
118500 1 0.991238
118550 1 0.991238
118600 1 0.991619
118650 1 0.993143
118700 1 0.992952
118750 1 0.992952
118800 1 0.992762
118850 1 0.992952
118900 1 0.992952
118950 1 0.992571
119000 1 0.992571
119050 1 0.992571
119100 1 0.992571
119150 1 0.992571
119200 1 0.992571
119250 1 0.992571
119300 1 0.992571
119350 1 0.992762
119400 1 0.992762
119450 1 0.993333
119500 1 0.993524
119550 1 0.993524
119600 1 0.993333
119650 1 0.993333
119700 1 0.993333
119750 1 0.992762
119800 1 0.992762
119850 1 0.992952
119900 1 0.992952
119950 1 0.992952
120000 1 0.990476
120050 1 0.991048
120100 1 0.991429
120150 1 0.991048
120200 1 0.991429
120250 1 0.991429
120300 1 0.991429
120350 1 0.991429
120400 1 0.991619
120450 1 0.992762
120500 1 0.992191
120550 1 0.992
120600 1 0.992191
120650 1 0.992571
120700 1 0.992571
120750 1 0.992191
120800 1 0.991619
120850 1 0.991238
120900 1 0.992
120950 1 0.992381
121000 1 0.990667
121050 1 0.990476
121100 1 0.992571
121150 1 0.991429
121200 1 0.991048
121250 1 0.991619
121300 1 0.992762
121350 1 0.992952
121400 1 0.993143
121450 1 0.992
121500 1 0.992
121550 1 0.992191
121600 1 0.992191
121650 1 0.992
121700 1 0.991429
121750 1 0.992191
121800 1 0.992381
121850 1 0.992
121900 1 0.991429
121950 1 0.990667
122000 1 0.990667
122050 1 0.990857
122100 1 0.990476
122150 1 0.991429
122200 1 0.991429
122250 1 0.991238
122300 1 0.991238
122350 1 0.991619
122400 1 0.991048
122450 1 0.990667
122500 1 0.990857
122550 1 0.992
122600 1 0.992191
122650 1 0.99181
122700 1 0.992
122750 1 0.992
122800 1 0.991619
122850 1 0.991429
122900 1 0.991619
122950 1 0.991429
123000 1 0.991238
123050 1 0.991429
123100 1 0.991048
123150 1 0.991238
123200 1 0.991429
123250 1 0.992191
123300 1 0.992381
123350 1 0.99181
123400 1 0.991238
123450 1 0.991048
123500 1 0.991429
123550 1 0.992
123600 1 0.991048
123650 1 0.991048
123700 1 0.990667
123750 1 0.99181
123800 1 0.991429
123850 1 0.990667
123900 1 0.991429
123950 1 0.991429
124000 1 0.990857
124050 1 0.991238
124100 1 0.992191
124150 1 0.992191
124200 1 0.991619
124250 1 0.992381
124300 1 0.992381
124350 1 0.992571
124400 1 0.992191
124450 1 0.992381
124500 1 0.992191
124550 1 0.992
124600 1 0.992762
124650 1 0.992
124700 1 0.990286
124750 1 0.99181
124800 1 0.991619
124850 1 0.990286
124900 1 0.991238
124950 1 0.991429
125000 1 0.991429
125050 1 0.99181
125100 1 0.992381
125150 1 0.991619
125200 1 0.991619
125250 1 0.992
125300 1 0.99181
125350 1 0.99181
125400 1 0.991048
125450 1 0.99181
125500 1 0.991048
125550 1 0.991429
125600 1 0.990857
125650 1 0.990476
125700 1 0.992
125750 1 0.992
125800 1 0.992191
125850 1 0.992381
125900 1 0.992
125950 1 0.992
126000 1 0.992191
126050 1 0.992191
126100 1 0.992191
126150 1 0.990476
126200 1 0.990286
126250 1 0.991238
126300 1 0.990857
126350 1 0.991048
126400 1 0.991238
126450 1 0.992
126500 1 0.992381
126550 1 0.992571
126600 1 0.992191
126650 1 0.992
126700 1 0.992571
126750 1 0.991429
126800 1 0.991429
126850 1 0.990857
126900 1 0.991048
126950 1 0.992191
127000 1 0.992191
127050 1 0.991429
127100 1 0.99181
127150 1 0.99181
127200 1 0.991619
127250 1 0.991619
127300 1 0.99181
127350 1 0.99181
127400 1 0.99181
127450 1 0.992191
127500 1 0.99181
127550 1 0.992
127600 1 0.991619
127650 1 0.992
127700 1 0.991619
127750 1 0.991619
127800 1 0.991619
127850 1 0.991619
127900 1 0.991429
127950 1 0.992
128000 1 0.992762
128050 1 0.992952
128100 1 0.992952
128150 1 0.992952
128200 1 0.992571
128250 1 0.992191
128300 1 0.992762
128350 1 0.992762
128400 1 0.992952
128450 1 0.992952
128500 1 0.992952
128550 1 0.992
128600 1 0.992
128650 1 0.992
128700 1 0.992
128750 1 0.992762
128800 1 0.992381
128850 1 0.992191
128900 1 0.992
128950 1 0.988381
129000 1 0.990667
129050 1 0.992
129100 1 0.992
129150 1 0.991619
129200 1 0.990857
129250 1 0.991238
129300 1 0.99181
129350 1 0.99181
129400 1 0.99181
129450 1 0.991619
129500 1 0.991238
129550 1 0.991619
129600 1 0.991619
129650 1 0.99181
129700 1 0.991048
129750 1 0.991619
129800 1 0.990857
129850 1 0.990667
129900 1 0.991429
129950 1 0.992381
130000 1 0.992762
130050 1 0.992191
130100 1 0.991619
130150 1 0.991619
130200 1 0.99181
130250 1 0.991619
130300 1 0.992571
130350 1 0.992571
130400 1 0.991238
130450 1 0.992191
130500 1 0.992191
130550 1 0.992191
130600 1 0.992
130650 1 0.992381
130700 1 0.99181
130750 1 0.99181
130800 1 0.99181
130850 1 0.99181
130900 1 0.992
130950 1 0.992
131000 1 0.990476
131050 1 0.991048
131100 1 0.990286
131150 1 0.991429
131200 1 0.989905
131250 1 0.991429
131300 1 0.991238
131350 1 0.991429
131400 1 0.991619
131450 1 0.991429
131500 1 0.99181
131550 1 0.991619
131600 1 0.991429
131650 1 0.992381
131700 1 0.990286
131750 1 0.990476
131800 1 0.991048
131850 1 0.990857
131900 1 0.991048
131950 1 0.991429
132000 1 0.990857
132050 1 0.990476
132100 1 0.991619
132150 1 0.992381
132200 1 0.992381
132250 1 0.991619
132300 1 0.992191
132350 1 0.992381
132400 1 0.991619
132450 1 0.991429
132500 1 0.991238
132550 1 0.99181
132600 1 0.991619
132650 1 0.99181
132700 1 0.992
132750 1 0.992
132800 1 0.992
132850 1 0.991619
132900 1 0.992381
132950 1 0.992
133000 1 0.991619
133050 1 0.991238
133100 1 0.990667
133150 1 0.991429
133200 1 0.991238
133250 1 0.991238
133300 1 0.990667
133350 1 0.991619
133400 1 0.991429
133450 1 0.991429
133500 1 0.991619
133550 1 0.99181
133600 1 0.991048
133650 1 0.991048
133700 1 0.989143
133750 1 0.991429
133800 1 0.991048
133850 1 0.991048
133900 1 0.991238
133950 1 0.990857
134000 1 0.99181
134050 1 0.991619
134100 1 0.992191
134150 1 0.991429
134200 1 0.991048
134250 1 0.990857
134300 1 0.99181
134350 1 0.991429
134400 1 0.99181
134450 1 0.99181
134500 1 0.991048
134550 1 0.990857
134600 1 0.991619
134650 1 0.990476
134700 1 0.988952
134750 1 0.990857
134800 1 0.990857
134850 1 0.991619
134900 1 0.991048
134950 1 0.991048
135000 1 0.991429
135050 1 0.99181
135100 1 0.99181
135150 1 0.99181
135200 1 0.99181
135250 1 0.99181
135300 1 0.991238
135350 1 0.991238
135400 1 0.991619
135450 1 0.991429
135500 1 0.990857
135550 1 0.990857
135600 1 0.990857
135650 1 0.99181
135700 1 0.992
135750 1 0.992
135800 1 0.992
135850 1 0.992
135900 1 0.992381
135950 1 0.992381
136000 1 0.992191
136050 1 0.992381
136100 1 0.992571
136150 1 0.992
136200 1 0.992191
136250 1 0.992191
136300 1 0.992952
136350 1 0.992952
136400 1 0.992762
136450 1 0.992762
136500 1 0.992762
136550 1 0.992571
136600 1 0.992191
136650 1 0.992191
136700 1 0.992
136750 1 0.992
136800 1 0.992
136850 1 0.992
136900 1 0.992381
136950 1 0.991619
137000 1 0.991429
137050 1 0.99181
137100 1 0.991619
137150 1 0.992
137200 1 0.992381
137250 1 0.992381
137300 1 0.992571
137350 1 0.992571
137400 1 0.992571
137450 1 0.991619
137500 1 0.988952
137550 1 0.991048
137600 1 0.990667
137650 1 0.991048
137700 1 0.991429
137750 1 0.990286
137800 1 0.990667
137850 1 0.989524
137900 1 0.990667
137950 1 0.991429
138000 1 0.991429
138050 1 0.991619
138100 1 0.991619
138150 1 0.991238
138200 1 0.991238
138250 1 0.991429
138300 1 0.990286
138350 1 0.990476
138400 1 0.990667
138450 1 0.990095
138500 1 0.989905
138550 1 0.989905
138600 1 0.989905
138650 1 0.990667
138700 1 0.991619
138750 1 0.991238
138800 1 0.990667
138850 1 0.990286
138900 1 0.991619
138950 1 0.992191
139000 1 0.99181
139050 1 0.992381
139100 1 0.992571
139150 1 0.99181
139200 1 0.990857
139250 1 0.990095
139300 1 0.990476
139350 1 0.991429
139400 1 0.991048
139450 1 0.991238
139500 1 0.991429
139550 1 0.991238
139600 1 0.99181
139650 1 0.992
139700 1 0.990857
139750 1 0.992
139800 1 0.991048
139850 1 0.99181
139900 1 0.991238
139950 1 0.992952
140000 1 0.993143
140050 1 0.993143
140100 1 0.992952
140150 1 0.993143
140200 1 0.992
140250 1 0.992191
140300 1 0.993143
140350 1 0.989714
140400 1 0.991238
140450 1 0.991429
140500 1 0.99181
140550 1 0.992
140600 1 0.992
140650 1 0.99181
140700 1 0.99181
140750 1 0.99181
140800 1 0.992
140850 1 0.992191
140900 1 0.992191
140950 1 0.992191
141000 1 0.992191
141050 1 0.992191
141100 1 0.992191
141150 1 0.992191
141200 1 0.99181
141250 1 0.992191
141300 1 0.992381
141350 1 0.991048
141400 1 0.99181
141450 1 0.991619
141500 1 0.991619
141550 1 0.991619
141600 1 0.99181
141650 1 0.991238
141700 1 0.991238
141750 1 0.991238
141800 1 0.991429
141850 1 0.990667
141900 1 0.99181
141950 1 0.989714
142000 1 0.990476
142050 1 0.990476
142100 1 0.991619
142150 1 0.991619
142200 1 0.99181
142250 1 0.992191
142300 1 0.992191
142350 1 0.992191
142400 1 0.992381
142450 1 0.992762
142500 1 0.992571
142550 1 0.992571
142600 1 0.992571
142650 1 0.992952
142700 1 0.992191
142750 1 0.992381
142800 1 0.992571
142850 1 0.992571
142900 1 0.992762
142950 1 0.992571
143000 1 0.992381
143050 1 0.991619
143100 1 0.991619
143150 1 0.991238
143200 1 0.991048
143250 1 0.990667
143300 1 0.991429
143350 1 0.991429
143400 1 0.991429
143450 1 0.990286
143500 1 0.990667
143550 1 0.992762
143600 1 0.990476
143650 0.997143 0.987048
143700 1 0.991619
143750 1 0.992
143800 1 0.992762
143850 1 0.993143
143900 1 0.992571
143950 1 0.992571
144000 1 0.992762
144050 1 0.992762
144100 1 0.992762
144150 1 0.992
144200 1 0.992191
144250 1 0.992762
144300 1 0.99181
144350 1 0.992571
144400 1 0.992762
144450 1 0.992952
144500 1 0.992762
144550 1 0.992762
144600 1 0.992762
144650 1 0.992571
144700 1 0.992762
144750 1 0.992952
144800 1 0.992952
144850 1 0.992381
144900 1 0.992381
144950 1 0.992381
145000 1 0.992381
145050 1 0.992381
145100 1 0.992381
145150 1 0.993143
145200 1 0.992381
145250 1 0.992381
145300 1 0.992571
145350 1 0.992952
145400 1 0.992762
145450 1 0.992762
145500 1 0.992762
145550 1 0.992762
145600 1 0.992762
145650 1 0.992762
145700 1 0.99181
145750 1 0.992762
145800 1 0.992571
145850 1 0.992762
145900 1 0.992381
145950 1 0.992381
146000 1 0.992381
146050 1 0.992571
146100 1 0.992952
146150 1 0.992381
146200 1 0.992571
146250 1 0.992381
146300 1 0.992381
146350 1 0.992381
146400 1 0.992571
146450 1 0.992
146500 1 0.989905
146550 1 0.992952
146600 1 0.992191
146650 1 0.993333
146700 1 0.994286
146750 1 0.993905
146800 1 0.994095
146850 1 0.993714
146900 1 0.993524
146950 1 0.993905
147000 1 0.993333
147050 1 0.994095
147100 1 0.993714
147150 1 0.993333
147200 1 0.994095
147250 1 0.993905
147300 1 0.994095
147350 1 0.992191
147400 1 0.991619
147450 1 0.991619
147500 1 0.992
147550 1 0.992191
147600 1 0.992381
147650 1 0.992952
147700 1 0.991238
147750 1 0.991238
147800 1 0.991429
147850 1 0.992191
147900 1 0.992571
147950 1 0.991238
148000 1 0.99181
148050 1 0.992571
148100 1 0.991048
148150 1 0.991429
148200 1 0.992
148250 1 0.991048
148300 1 0.991619
148350 1 0.991429
148400 1 0.992191
148450 1 0.992
148500 1 0.991238
148550 1 0.991619
148600 1 0.990857
148650 1 0.991429
148700 1 0.99181
148750 1 0.991429
148800 1 0.991619
148850 1 0.991048
148900 1 0.99181
148950 1 0.99181
149000 1 0.992
149050 1 0.991429
149100 1 0.992571
149150 1 0.992571
149200 1 0.993143
149250 1 0.992952
149300 1 0.992952
149350 1 0.992952
149400 1 0.992762
149450 1 0.992762
149500 1 0.993143
149550 1 0.992952
149600 1 0.992952
149650 1 0.992952
149700 1 0.993143
149750 1 0.993333
149800 1 0.993143
149850 1 0.993143
149900 1 0.993143
149950 1 0.993333
150000 1 0.993333
150050 1 0.993143
150100 1 0.993333
150150 1 0.993143
150200 1 0.992952
150250 1 0.992381
150300 1 0.992381
150350 1 0.99181
150400 1 0.992571
150450 1 0.992381
150500 1 0.992952
150550 1 0.992571
150600 1 0.992381
150650 1 0.992381
150700 1 0.99181
150750 1 0.992191
150800 1 0.992571
150850 1 0.992571
150900 1 0.992952
150950 1 0.992381
151000 1 0.990857
151050 1 0.991048
151100 1 0.992191
151150 1 0.992191
151200 1 0.991619
151250 1 0.992762
151300 1 0.992571
151350 1 0.992
151400 1 0.993524
151450 1 0.991238
151500 1 0.994095
151550 1 0.993905
151600 1 0.993333
151650 1 0.992952
151700 1 0.993143
151750 1 0.993143
151800 1 0.992381
151850 1 0.992571
151900 1 0.992571
151950 1 0.992571
152000 1 0.992571
152050 1 0.992571
152100 1 0.992381
152150 1 0.992
152200 1 0.992
152250 1 0.992
152300 1 0.992381
152350 1 0.992762
152400 1 0.992952
152450 1 0.992762
152500 1 0.992762
152550 1 0.992381
152600 1 0.992381
152650 1 0.992571
152700 1 0.992762
152750 1 0.992762
152800 1 0.992762
152850 1 0.992762
152900 1 0.992952
152950 1 0.992952
153000 1 0.992952
153050 1 0.992381
153100 1 0.992381
153150 1 0.992191
153200 1 0.992381
153250 1 0.99181
153300 1 0.992191
153350 1 0.992
153400 1 0.992191
153450 1 0.992
153500 1 0.992381
153550 1 0.993524
153600 1 0.993333
153650 1 0.993333
153700 1 0.992952
153750 1 0.993143
153800 1 0.992952
153850 1 0.992952
153900 1 0.992952
153950 1 0.992952
154000 1 0.992952
154050 1 0.992571
154100 1 0.992762
154150 1 0.993143
154200 1 0.992952
154250 1 0.993143
154300 1 0.993143
154350 1 0.993143
154400 1 0.993143
154450 1 0.992952
154500 1 0.993143
154550 1 0.993143
154600 1 0.992571
154650 1 0.991619
154700 1 0.992
154750 1 0.990857
154800 1 0.990667
154850 1 0.991048
154900 1 0.991619
154950 1 0.992
155000 1 0.992
155050 1 0.992191
155100 1 0.991619
155150 1 0.991619
155200 1 0.991238
155250 1 0.991048
155300 1 0.991619
155350 1 0.991619
155400 1 0.992191
155450 1 0.99181
155500 1 0.991429
155550 1 0.991619
155600 1 0.99181
155650 1 0.992381
155700 1 0.992571
155750 1 0.992571
155800 1 0.992571
155850 1 0.992381
155900 1 0.991619
155950 1 0.992191
156000 1 0.99181
156050 1 0.991429
156100 1 0.991238
156150 1 0.991619
156200 1 0.991429
156250 1 0.991429
156300 1 0.991429
156350 1 0.992
156400 1 0.99181
156450 1 0.99181
156500 1 0.99181
156550 1 0.991619
156600 1 0.99181
156650 1 0.99181
156700 1 0.99181
156750 1 0.991429
156800 1 0.990857
156850 1 0.992
156900 1 0.992571
156950 1 0.992191
157000 1 0.992381
157050 1 0.992
157100 1 0.993333
157150 1 0.992381
157200 1 0.992571
157250 1 0.992381
157300 1 0.991429
157350 1 0.99181
157400 1 0.991619
157450 1 0.992571
157500 1 0.992952
157550 1 0.992571
157600 1 0.991429
157650 1 0.991429
157700 1 0.99181
157750 1 0.991619
157800 1 0.991619
157850 1 0.991619
157900 1 0.991619
157950 1 0.991619
158000 1 0.99181
158050 1 0.99181
158100 1 0.990857
158150 1 0.991238
158200 1 0.991619
158250 1 0.990857
158300 1 0.991429
158350 1 0.992191
158400 1 0.992191
158450 1 0.992191
158500 1 0.992191
158550 1 0.992571
158600 1 0.992762
158650 1 0.993333
158700 1 0.993143
158750 1 0.992191
158800 1 0.99181
158850 1 0.99181
158900 1 0.992
158950 1 0.992191
159000 1 0.992
159050 1 0.991619
159100 1 0.99181
159150 1 0.99181
159200 1 0.99181
159250 1 0.991619
159300 1 0.991619
159350 1 0.991619
159400 1 0.991619
159450 1 0.991619
159500 1 0.990857
159550 1 0.990667
159600 1 0.991238
159650 1 0.991619
159700 1 0.992762
159750 1 0.991619
159800 1 0.992571
159850 1 0.992571
159900 1 0.992191
159950 1 0.991429
160000 1 0.991048
160050 1 0.992571
160100 1 0.992762
160150 1 0.992762
160200 1 0.992571
160250 1 0.992762
160300 1 0.992
160350 1 0.99181
160400 1 0.99181
160450 1 0.992191
160500 1 0.991429
160550 1 0.991238
160600 1 0.992
160650 1 0.992381
160700 1 0.992381
160750 1 0.992191
160800 1 0.991429
160850 1 0.991619
160900 1 0.992
160950 1 0.992191
161000 1 0.992
161050 1 0.992
161100 1 0.992191
161150 1 0.992762
161200 1 0.992191
161250 1 0.99181
161300 1 0.991238
161350 1 0.991238
161400 1 0.991429
161450 1 0.991238
161500 1 0.991429
161550 1 0.991238
161600 1 0.991429
161650 1 0.992
161700 1 0.991619
161750 1 0.992571
161800 1 0.992571
161850 1 0.992571
161900 1 0.992571
161950 1 0.992762
162000 1 0.992952
162050 1 0.991429
162100 1 0.992381
162150 1 0.992762
162200 1 0.992952
162250 1 0.992762
162300 1 0.992952
162350 1 0.992762
162400 1 0.992
162450 1 0.992191
162500 1 0.992191
162550 1 0.992381
162600 1 0.992
162650 1 0.990857
162700 1 0.992381
162750 1 0.992952
162800 1 0.992952
162850 1 0.993333
162900 1 0.992762
162950 1 0.993333
163000 1 0.993333
163050 1 0.993524
163100 1 0.992952
163150 1 0.992762
163200 1 0.99181
163250 1 0.991619
163300 1 0.992381
163350 1 0.992381
163400 1 0.992381
163450 1 0.992381
163500 1 0.992381
163550 1 0.992381
163600 1 0.992571
163650 1 0.992571
163700 1 0.992762
163750 1 0.992762
163800 1 0.992952
163850 1 0.992952
163900 1 0.993143
163950 1 0.992952
164000 1 0.992762
164050 1 0.992762
164100 1 0.992762
164150 1 0.992762
164200 1 0.992762
164250 1 0.992762
164300 1 0.992762
164350 1 0.992381
164400 1 0.992381
164450 1 0.992381
164500 1 0.992762
164550 1 0.992762
164600 1 0.993143
164650 1 0.993333
164700 1 0.991619
164750 1 0.992381
164800 1 0.992952
164850 1 0.992571
164900 0.997143 0.992762
164950 1 0.992762
165000 1 0.992571
165050 1 0.992381
165100 1 0.991238
165150 1 0.992191
165200 1 0.992762
165250 1 0.991238
165300 1 0.992191
165350 1 0.99181
165400 1 0.991619
165450 1 0.992381
165500 1 0.992952
165550 1 0.992571
165600 1 0.992381
165650 1 0.992381
165700 1 0.992571
165750 1 0.992762
165800 1 0.992381
165850 1 0.989524
165900 1 0.992571
165950 1 0.992952
166000 1 0.993143
166050 1 0.990286
166100 1 0.991048
166150 1 0.991238
166200 1 0.991619
166250 1 0.99181
166300 1 0.992571
166350 1 0.992571
166400 1 0.991048
166450 1 0.991619
166500 1 0.991238
166550 1 0.992
166600 1 0.993524
166650 1 0.993905
166700 1 0.993524
166750 1 0.992762
166800 1 0.992762
166850 1 0.992952
166900 1 0.992952
166950 1 0.992
167000 1 0.992571
167050 1 0.992762
167100 1 0.992762
167150 1 0.992762
167200 1 0.992952
167250 1 0.992952
167300 1 0.992762
167350 1 0.992762
167400 1 0.992191
167450 1 0.993143
167500 1 0.993333
167550 1 0.99181
167600 1 0.992381
167650 1 0.992571
167700 1 0.992381
167750 1 0.992762
167800 1 0.992762
167850 1 0.992952
167900 1 0.992
167950 1 0.992571
168000 1 0.992381
168050 1 0.992191
168100 1 0.992381
168150 1 0.992381
168200 1 0.992191
168250 1 0.992381
168300 1 0.992381
168350 1 0.992571
168400 1 0.992
168450 1 0.992
168500 1 0.992952
168550 1 0.992952
168600 1 0.992952
168650 1 0.992952
168700 1 0.992952
168750 1 0.992571
168800 1 0.992
168850 1 0.991619
168900 1 0.992
168950 1 0.992
169000 1 0.992381
169050 1 0.992381
169100 1 0.992381
169150 1 0.992381
169200 1 0.992381
169250 1 0.992381
169300 1 0.992381
169350 1 0.991429
169400 1 0.99181
169450 1 0.99181
169500 1 0.991048
169550 1 0.992191
169600 1 0.992381
169650 1 0.992571
169700 1 0.992571
169750 1 0.992571
169800 1 0.992571
169850 1 0.992571
169900 1 0.992571
169950 1 0.992571
170000 1 0.992571
170050 1 0.992571
170100 1 0.992191
170150 1 0.992191
170200 1 0.992
170250 1 0.991619
170300 1 0.991619
170350 1 0.992191
170400 1 0.992191
170450 1 0.992381
170500 1 0.992762
170550 1 0.992
170600 1 0.991238
170650 1 0.992571
170700 1 0.993333
170750 1 0.993143
170800 1 0.991429
170850 1 0.992191
170900 1 0.992
170950 1 0.992381
171000 1 0.992
171050 1 0.99181
171100 1 0.99181
171150 1 0.991619
171200 1 0.992381
171250 1 0.990286
171300 1 0.991619
171350 1 0.992
171400 1 0.991048
171450 1 0.992191
171500 1 0.991619
171550 1 0.991429
171600 1 0.991048
171650 1 0.992762
171700 1 0.992952
171750 1 0.992571
171800 1 0.992762
171850 1 0.992952
171900 1 0.992762
171950 1 0.992952
172000 1 0.992952
172050 1 0.992
172100 1 0.99181
172150 1 0.99181
172200 1 0.991619
172250 1 0.99181
172300 1 0.99181
172350 1 0.99181
172400 1 0.991048
172450 1 0.991429
172500 1 0.991619
172550 1 0.992381
172600 1 0.992571
172650 1 0.992762
172700 1 0.992381
172750 1 0.992381
172800 1 0.992381
172850 1 0.992381
172900 1 0.992571
172950 1 0.992571
173000 1 0.992571
173050 1 0.992571
173100 1 0.992571
173150 1 0.992762
173200 1 0.992762
173250 1 0.992762
173300 1 0.992762
173350 1 0.992762
173400 1 0.992762
173450 1 0.992762
173500 1 0.992762
173550 1 0.992762
173600 1 0.992952
173650 1 0.992952
173700 1 0.992952
173750 1 0.992762
173800 1 0.992762
173850 1 0.992381
173900 1 0.992762
173950 1 0.992762
174000 1 0.992762
174050 1 0.992762
174100 1 0.992952
174150 1 0.992952
174200 1 0.992952
174250 1 0.992952
174300 1 0.992952
174350 1 0.992952
174400 1 0.992191
174450 1 0.993333
174500 1 0.993524
174550 1 0.993333
174600 1 0.992762
174650 1 0.992952
174700 1 0.992571
174750 1 0.992381
174800 1 0.992571
174850 1 0.992571
174900 1 0.992571
174950 1 0.992762
175000 1 0.993143
175050 1 0.993143
175100 1 0.991619
175150 1 0.992762
175200 1 0.992571
175250 1 0.99181
175300 1 0.991238
175350 1 0.992571
175400 1 0.990286
175450 1 0.991238
175500 1 0.992952
175550 1 0.993714
175600 1 0.992762
175650 1 0.992762
175700 1 0.992
175750 1 0.992762
175800 1 0.992952
175850 1 0.993333
175900 1 0.993143
175950 1 0.992
176000 1 0.992571
176050 1 0.992952
176100 1 0.992952
176150 1 0.992571
176200 1 0.993905
176250 1 0.993714
176300 1 0.993905
176350 1 0.993524
176400 1 0.993333
176450 1 0.993143
176500 1 0.993333
176550 1 0.993143
176600 1 0.993143
176650 1 0.993143
176700 1 0.993143
176750 1 0.993524
176800 1 0.993524
176850 1 0.993524
176900 1 0.993143
176950 1 0.992762
177000 1 0.992952
177050 1 0.991238
177100 1 0.992
177150 1 0.992
177200 1 0.992381
177250 1 0.993333
177300 1 0.993333
177350 1 0.992191
177400 1 0.992571
177450 1 0.992191
177500 1 0.991619
177550 1 0.99181
177600 1 0.991429
177650 1 0.991429
177700 1 0.992
177750 1 0.992191
177800 1 0.992191
177850 1 0.992191
177900 1 0.992
177950 1 0.99181
178000 1 0.992762
178050 1 0.992191
178100 1 0.992191
178150 1 0.992381
178200 1 0.992191
178250 1 0.992381
178300 1 0.992381
178350 1 0.992191
178400 1 0.992191
178450 1 0.992191
178500 1 0.992191
178550 1 0.992191
178600 1 0.992191
178650 1 0.992191
178700 1 0.991238
178750 1 0.992381
178800 1 0.991048
178850 1 0.992381
178900 1 0.992381
178950 1 0.992381
179000 1 0.992381
179050 1 0.992381
179100 1 0.992381
179150 1 0.992191
179200 1 0.992381
179250 1 0.992191
179300 1 0.992762
179350 1 0.992381
179400 1 0.992381
179450 1 0.992762
179500 1 0.992191
179550 1 0.992571
179600 1 0.992381
179650 1 0.992381
179700 1 0.99181
179750 1 0.992191
179800 1 0.992571
179850 1 0.992571
179900 1 0.992952
179950 1 0.992952
180000 1 0.993143
180050 1 0.993143
180100 1 0.992952
180150 1 0.992952
180200 1 0.992762
180250 1 0.992952
180300 1 0.992762
180350 1 0.993333
180400 1 0.993714
180450 1 0.993905
180500 1 0.993905
180550 1 0.993714
180600 1 0.993714
180650 1 0.993714
180700 1 0.993714
180750 1 0.992952
180800 1 0.993714
180850 1 0.993714
180900 1 0.993714
180950 1 0.993714
181000 1 0.992952
181050 1 0.990476
181100 1 0.991619
181150 1 0.991619
181200 1 0.992
181250 1 0.992
181300 1 0.991238
181350 1 0.992191
181400 1 0.991238
181450 1 0.991238
181500 1 0.99181
181550 1 0.992
181600 1 0.99181
181650 1 0.991429
181700 1 0.991619
181750 1 0.991619
181800 1 0.991238
181850 1 0.990857
181900 1 0.990667
181950 1 0.991429
182000 1 0.99181
182050 1 0.992
182100 1 0.99181
182150 1 0.992
182200 1 0.992
182250 1 0.990476
182300 1 0.990476
182350 1 0.991429
182400 1 0.991429
182450 1 0.991429
182500 1 0.992
182550 1 0.992191
182600 1 0.992
182650 1 0.992381
182700 1 0.992381
182750 1 0.992381
182800 1 0.992
182850 1 0.992
182900 1 0.99181
182950 1 0.99181
183000 1 0.991238
183050 1 0.991238
183100 1 0.992
183150 1 0.992
183200 1 0.992
183250 1 0.991619
183300 1 0.991429
183350 1 0.991619
183400 1 0.992762
183450 1 0.992381
183500 1 0.992191
183550 1 0.992762
183600 1 0.992191
183650 1 0.992381
183700 1 0.992381
183750 1 0.992
183800 1 0.992191
183850 1 0.992191
183900 1 0.99181
183950 1 0.99181
184000 1 0.99181
184050 1 0.992
184100 1 0.991429
184150 1 0.991619
184200 1 0.99181
184250 1 0.991619
184300 1 0.991619
184350 1 0.99181
184400 1 0.99181
184450 1 0.99181
184500 1 0.992
184550 1 0.992381
184600 1 0.992381
184650 1 0.992381
184700 1 0.992381
184750 1 0.992381
184800 1 0.992571
184850 1 0.992381
184900 1 0.992381
184950 1 0.992381
185000 1 0.992381
185050 1 0.992381
185100 1 0.992571
185150 1 0.992571
185200 1 0.992571
185250 1 0.992571
185300 1 0.992571
185350 1 0.992762
185400 1 0.992762
185450 1 0.992762
185500 1 0.992762
185550 1 0.992762
185600 1 0.992762
185650 1 0.992762
185700 1 0.992952
185750 1 0.992191
185800 1 0.991619
185850 1 0.992762
185900 1 0.99181
185950 1 0.991619
186000 1 0.991238
186050 1 0.990095
186100 1 0.989714
186150 1 0.990857
186200 1 0.99181
186250 1 0.992
186300 1 0.991619
186350 1 0.992191
186400 1 0.991238
186450 1 0.991238
186500 1 0.992191
186550 1 0.991619
186600 1 0.991619
186650 1 0.991619
186700 1 0.991048
186750 1 0.991048
186800 1 0.991048
186850 1 0.991429
186900 1 0.991238
186950 1 0.991238
187000 1 0.99181
187050 1 0.99181
187100 1 0.99181
187150 1 0.99181
187200 1 0.99181
187250 1 0.99181
187300 1 0.99181
187350 1 0.99181
187400 1 0.99181
187450 1 0.99181
187500 1 0.991619
187550 1 0.991619
187600 1 0.99181
187650 1 0.990857
187700 1 0.990667
187750 1 0.990476
187800 1 0.990857
187850 1 0.990667
187900 1 0.990857
187950 1 0.990857
188000 1 0.990857
188050 1 0.992
188100 1 0.990857
188150 1 0.990476
188200 1 0.990476
188250 1 0.990667
188300 1 0.990857
188350 1 0.990286
188400 1 0.990476
188450 1 0.991238
188500 1 0.991048
188550 1 0.990857
188600 1 0.991238
188650 1 0.991238
188700 1 0.99181
188750 1 0.99181
188800 1 0.99181
188850 1 0.991619
188900 1 0.991619
188950 1 0.99181
189000 1 0.99181
189050 1 0.99181
189100 1 0.990857
189150 1 0.991238
189200 1 0.990095
189250 1 0.990667
189300 1 0.991048
189350 1 0.991048
189400 1 0.991048
189450 1 0.991238
189500 1 0.991048
189550 1 0.992
189600 1 0.99181
189650 1 0.99181
189700 1 0.991429
189750 1 0.991429
189800 1 0.991048
189850 1 0.990857
189900 1 0.989905
189950 1 0.990476
190000 1 0.990857
190050 1 0.990667
190100 1 0.990667
190150 1 0.990667
190200 1 0.991048
190250 1 0.990667
190300 1 0.990476
190350 1 0.990667
190400 1 0.990476
190450 1 0.990667
190500 1 0.990857
190550 1 0.991238
190600 1 0.991048
190650 1 0.991619
190700 1 0.991619
190750 1 0.991048
190800 1 0.992
190850 1 0.99181
190900 1 0.99181
190950 1 0.990286
191000 1 0.991619
191050 1 0.991619
191100 1 0.991619
191150 1 0.991619
191200 1 0.991429
191250 1 0.991619
191300 1 0.991619
191350 1 0.992
191400 1 0.992
191450 1 0.991238
191500 1 0.991238
191550 1 0.990857
191600 1 0.990286
191650 1 0.990476
191700 1 0.990095
191750 1 0.991429
191800 1 0.991429
191850 1 0.99181
191900 1 0.990476
191950 1 0.991238
192000 1 0.99181
192050 1 0.991619
192100 1 0.991619
192150 1 0.991619
192200 1 0.991619
192250 1 0.99181
192300 1 0.991048
192350 1 0.991429
192400 1 0.991619
192450 1 0.991619
192500 1 0.991619
192550 1 0.99181
192600 1 0.992
192650 1 0.992
192700 1 0.99181
192750 1 0.99181
192800 1 0.99181
192850 1 0.992381
192900 1 0.992381
192950 1 0.992191
193000 1 0.992
193050 1 0.992
193100 1 0.992
193150 1 0.992
193200 1 0.992
193250 1 0.992
193300 1 0.992381
193350 1 0.992
193400 1 0.992
193450 1 0.99181
193500 1 0.991429
193550 1 0.991238
193600 1 0.991238
193650 1 0.991429
193700 1 0.990857
193750 1 0.990667
193800 1 0.988952
193850 1 0.990857
193900 1 0.989714
193950 1 0.99181
194000 1 0.992571
194050 1 0.992191
194100 1 0.991238
194150 1 0.991238
194200 1 0.991238
194250 1 0.99181
194300 1 0.991238
194350 1 0.991048
194400 1 0.99181
194450 1 0.992
194500 1 0.992
194550 1 0.992
194600 1 0.99181
194650 1 0.99181
194700 1 0.99181
194750 1 0.992
194800 1 0.99181
194850 1 0.99181
194900 1 0.99181
194950 1 0.99181
195000 1 0.991619
195050 1 0.991619
195100 1 0.991619
195150 1 0.991619
195200 1 0.992
195250 1 0.992
195300 1 0.991048
195350 1 0.991429
195400 1 0.991048
195450 1 0.991619
195500 1 0.99181
195550 1 0.992
195600 1 0.992
195650 1 0.992191
195700 1 0.991429
195750 1 0.990857
195800 1 0.991048
195850 1 0.989714
195900 1 0.991429
195950 1 0.990667
196000 1 0.990667
196050 1 0.991048
196100 1 0.989905
196150 1 0.988952
196200 1 0.990476
196250 1 0.990857
196300 1 0.991619
196350 1 0.989905
196400 1 0.990095
196450 1 0.990476
196500 1 0.990667
196550 1 0.991048
196600 1 0.991238
196650 1 0.991619
196700 1 0.991619
196750 1 0.991619
196800 1 0.991429
196850 1 0.991238
196900 1 0.990857
196950 1 0.990857
197000 1 0.990857
197050 1 0.990857
197100 1 0.991619
197150 1 0.991619
197200 1 0.991429
197250 1 0.991429
197300 1 0.991429
197350 1 0.991238
197400 1 0.991238
197450 1 0.991238
197500 1 0.991238
197550 1 0.991238
197600 1 0.991429
197650 1 0.991619
197700 1 0.991429
197750 1 0.991429
197800 1 0.991429
197850 1 0.992
197900 1 0.992
197950 1 0.992
198000 1 0.991619
198050 1 0.99181
198100 1 0.991619
198150 1 0.991619
198200 1 0.991619
198250 1 0.991619
198300 1 0.991048
198350 1 0.991048
198400 1 0.991048
198450 1 0.991048
198500 1 0.99181
198550 1 0.99181
198600 1 0.992
198650 1 0.992
198700 1 0.992
198750 1 0.99181
198800 1 0.99181
198850 1 0.992
198900 1 0.99181
198950 1 0.99181
199000 1 0.99181
199050 1 0.99181
199100 1 0.99181
199150 1 0.99181
199200 1 0.99181
199250 1 0.99181
199300 1 0.99181
199350 1 0.99181
199400 1 0.99181
199450 1 0.99181
199500 1 0.99181
199550 1 0.991429
199600 1 0.991048
199650 1 0.989714
199700 1 0.989714
199750 1 0.990857
199800 1 0.991238
199850 1 0.991429
199900 1 0.99181
199950 1 0.99181
200000 1 0.991429
200050 1 0.992
200100 1 0.99181
200150 1 0.992191
200200 1 0.990857
200250 1 0.990857
200300 1 0.991429
200350 1 0.992191
200400 1 0.992381
200450 1 0.992571
200500 1 0.992
200550 1 0.992
200600 1 0.991238
200650 1 0.991238
200700 1 0.991619
200750 1 0.992381
200800 1 0.991429
200850 1 0.99181
200900 1 0.992
200950 1 0.991619
201000 1 0.992
201050 1 0.991429
201100 1 0.991238
201150 1 0.991238
201200 1 0.990476
201250 1 0.99181
201300 1 0.992191
201350 1 0.99181
201400 1 0.99181
201450 1 0.99181
201500 1 0.991048
201550 1 0.992
201600 1 0.992191
201650 1 0.992381
201700 1 0.992571
201750 1 0.992
201800 1 0.99181
201850 1 0.992571
201900 1 0.99181
201950 1 0.992
202000 1 0.992191
202050 1 0.992191
202100 1 0.992191
202150 1 0.992191
202200 1 0.992191
202250 1 0.992191
202300 1 0.992191
202350 1 0.992191
202400 1 0.992191
202450 1 0.992191
202500 1 0.992191
202550 1 0.992571
202600 1 0.992381
202650 1 0.991429
202700 1 0.992191
202750 1 0.99181
202800 1 0.992
202850 1 0.992
202900 1 0.992
202950 1 0.992
203000 1 0.992
203050 1 0.992
203100 1 0.992
203150 1 0.992191
203200 1 0.992191
203250 1 0.992191
203300 1 0.992191
203350 1 0.992191
203400 1 0.992
203450 1 0.992
203500 1 0.992
203550 1 0.992
203600 1 0.99181
203650 1 0.99181
203700 1 0.99181
203750 1 0.99181
203800 1 0.99181
203850 1 0.99181
203900 1 0.99181
203950 1 0.992191
204000 1 0.992191
204050 1 0.992191
204100 1 0.991429
204150 1 0.991619
204200 1 0.99181
204250 1 0.991619
204300 1 0.99181
204350 1 0.991619
204400 1 0.991238
204450 1 0.991429
204500 1 0.990667
204550 1 0.991429
204600 1 0.992
204650 1 0.992191
204700 1 0.991238
204750 1 0.992191
204800 1 0.992
204850 1 0.992
204900 1 0.992381
204950 1 0.992571
205000 1 0.992
205050 1 0.992
205100 1 0.992571
205150 1 0.992191
205200 1 0.992191
205250 1 0.992191
205300 1 0.992191
205350 1 0.992191
205400 1 0.992191
205450 1 0.992191
205500 1 0.99181
205550 1 0.99181
205600 1 0.992
205650 1 0.992191
205700 1 0.992191
205750 1 0.991238
205800 1 0.990857
205850 1 0.991619
205900 1 0.992191
205950 1 0.992571
206000 1 0.992952
206050 1 0.991429
206100 1 0.991429
206150 1 0.991429
206200 1 0.991429
206250 1 0.991429
206300 1 0.991619
206350 1 0.991619
206400 1 0.991619
206450 1 0.991238
206500 1 0.991048
206550 1 0.991429
206600 1 0.992
206650 1 0.992
206700 1 0.992
206750 1 0.992191
206800 1 0.992191
206850 1 0.992381
206900 1 0.991238
206950 1 0.991429
207000 1 0.991429
207050 1 0.991238
207100 1 0.991048
207150 1 0.991429
207200 1 0.991238
207250 1 0.99181
207300 1 0.992191
207350 1 0.992191
207400 1 0.992191
207450 1 0.992191
207500 1 0.992191
207550 1 0.992191
207600 1 0.992191
207650 1 0.992191
207700 1 0.992191
207750 1 0.992191
207800 1 0.990476
207850 1 0.990857
207900 1 0.991048
207950 1 0.992
208000 1 0.991619
208050 1 0.991619
208100 1 0.992381
208150 1 0.990286
208200 1 0.990667
208250 1 0.990667
208300 1 0.992
208350 1 0.991429
208400 1 0.991429
208450 1 0.992191
208500 1 0.990857
208550 1 0.990476
208600 1 0.99181
208650 1 0.991429
208700 1 0.991619
208750 1 0.991619
208800 1 0.991619
208850 1 0.99181
208900 1 0.992
208950 1 0.991619
209000 1 0.991238
209050 1 0.99181
209100 1 0.992
209150 1 0.991048
209200 1 0.991429
209250 1 0.991619
209300 1 0.991619
209350 1 0.991238
209400 1 0.991619
209450 1 0.991238
209500 1 0.991619
209550 1 0.991238
209600 1 0.992191
209650 1 0.992191
209700 1 0.99181
209750 1 0.99181
209800 1 0.992191
209850 1 0.992191
209900 1 0.992191
209950 1 0.992191
210000 1 0.992191
210050 1 0.992
210100 1 0.992
210150 1 0.992191
210200 1 0.992191
210250 1 0.992
210300 1 0.992
210350 1 0.992
210400 1 0.992
210450 1 0.99181
210500 1 0.99181
210550 1 0.992
210600 1 0.99181
210650 1 0.991048
210700 1 0.992191
210750 1 0.992191
210800 1 0.992571
210850 1 0.992571
210900 1 0.992381
210950 1 0.992381
211000 1 0.992381
211050 1 0.992571
211100 1 0.992571
211150 1 0.992571
211200 1 0.992952
211250 1 0.991238
211300 1 0.991429
211350 1 0.991429
211400 1 0.991238
211450 1 0.99181
211500 1 0.99181
211550 1 0.991619
211600 1 0.991238
211650 1 0.992
211700 1 0.99181
211750 1 0.992191
211800 1 0.992191
211850 1 0.992
211900 1 0.992381
211950 1 0.992381
212000 1 0.992381
212050 1 0.992381
212100 1 0.992191
212150 1 0.992191
212200 1 0.99181
212250 1 0.991429
212300 1 0.99181
212350 1 0.990667
212400 1 0.990857
212450 1 0.990857
212500 1 0.992
212550 1 0.99181
212600 1 0.991619
212650 1 0.99181
212700 1 0.991048
212750 1 0.991429
212800 1 0.990667
212850 1 0.990667
212900 1 0.991429
212950 1 0.992191
213000 1 0.992191
213050 1 0.991238
213100 1 0.991238
213150 1 0.991429
213200 1 0.990857
213250 1 0.990857
213300 1 0.991048
213350 1 0.990857
213400 1 0.990857
213450 1 0.990857
213500 1 0.991048
213550 1 0.991238
213600 1 0.991238
213650 1 0.991238
213700 1 0.991238
213750 1 0.991238
213800 1 0.991238
213850 1 0.991238
213900 1 0.991238
213950 1 0.991048
214000 1 0.991238
214050 1 0.99181
214100 1 0.992
214150 1 0.99181
214200 1 0.991429
214250 1 0.99181
214300 1 0.991619
214350 1 0.992762
214400 1 0.992762
214450 1 0.992571
214500 1 0.992
214550 1 0.992191
214600 1 0.993333
214650 1 0.992952
214700 1 0.990095
214750 1 0.990286
214800 1 0.99181
214850 1 0.99181
214900 1 0.992191
214950 1 0.992381
215000 1 0.992381
215050 1 0.992381
215100 1 0.992381
215150 1 0.992381
215200 1 0.990857
215250 1 0.991048
215300 1 0.991429
215350 1 0.991048
215400 1 0.991048
215450 1 0.991048
215500 1 0.99181
215550 1 0.991238
215600 1 0.99181
215650 1 0.991048
215700 1 0.990857
215750 1 0.990857
215800 1 0.990857
215850 1 0.991238
215900 1 0.991238
215950 1 0.991429
216000 1 0.99181
216050 1 0.99181
216100 1 0.991429
216150 1 0.991429
216200 1 0.991619
216250 1 0.990857
216300 1 0.992
216350 1 0.992
216400 1 0.992
216450 1 0.992
216500 1 0.992
216550 1 0.992
216600 1 0.992
216650 1 0.992
216700 1 0.992
216750 1 0.992
216800 1 0.992
216850 1 0.992
216900 1 0.992
216950 1 0.992
217000 1 0.992
217050 1 0.992
217100 1 0.992
217150 1 0.992
217200 1 0.992
217250 1 0.992
217300 1 0.99181
217350 1 0.99181
217400 1 0.99181
217450 1 0.991619
217500 1 0.99181
217550 1 0.99181
217600 1 0.99181
217650 1 0.99181
217700 1 0.992
217750 1 0.992191
217800 1 0.992381
217850 1 0.992
217900 1 0.991429
217950 1 0.99181
218000 1 0.990667
218050 1 0.991238
218100 1 0.991048
218150 1 0.991619
218200 1 0.991619
218250 1 0.990476
218300 1 0.991238
218350 1 0.991619
218400 1 0.992
218450 1 0.992191
218500 1 0.992381
218550 1 0.992571
218600 1 0.992
218650 1 0.992191
218700 1 0.992191
218750 1 0.991429
218800 1 0.99181
218850 1 0.992
218900 1 0.992381
218950 1 0.992571
219000 1 0.992571
219050 1 0.992571
219100 1 0.992191
219150 1 0.991619
219200 1 0.992381
219250 1 0.992381
219300 1 0.992
219350 1 0.992
219400 1 0.992191
219450 1 0.992381
219500 1 0.992381
219550 1 0.99181
219600 1 0.99181
219650 1 0.99181
219700 1 0.992191
219750 1 0.992
219800 1 0.992
219850 1 0.99181
219900 1 0.992571
219950 1 0.992952
220000 1 0.992571
220050 1 0.992191
220100 1 0.991429
220150 1 0.991048
220200 1 0.992191
220250 1 0.992191
220300 1 0.99181
220350 1 0.99181
220400 1 0.990476
220450 1 0.991619
220500 1 0.99181
220550 1 0.991429
220600 1 0.991429
220650 1 0.991429
220700 1 0.991619
220750 1 0.99181
220800 1 0.99181
220850 1 0.99181
220900 1 0.99181
220950 1 0.99181
221000 1 0.991238
221050 1 0.991429
221100 1 0.99181
221150 1 0.991619
221200 1 0.991619
221250 1 0.99181
221300 1 0.99181
221350 1 0.992381
221400 1 0.992191
221450 1 0.991619
221500 1 0.991619
221550 1 0.991429
221600 1 0.991238
221650 1 0.991048
221700 1 0.99181
221750 1 0.99181
221800 1 0.992
221850 1 0.992
221900 1 0.992
221950 1 0.992
222000 1 0.99181
222050 1 0.992
222100 1 0.99181
222150 1 0.992191
222200 1 0.992191
222250 1 0.992
222300 1 0.99181
222350 1 0.992
222400 1 0.99181
222450 1 0.99181
222500 1 0.99181
222550 1 0.992
222600 1 0.992571
222650 1 0.992
222700 1 0.992
222750 1 0.992
222800 1 0.992381
222850 1 0.992571
222900 1 0.990857
222950 1 0.992191
223000 1 0.992191
223050 1 0.991619
223100 1 0.988952
223150 0.997143 0.988191
223200 1 0.991619
223250 1 0.991048
223300 1 0.990857
223350 1 0.99181
223400 1 0.992191
223450 1 0.992381
223500 1 0.992381
223550 1 0.992
223600 1 0.990667
223650 1 0.991429
223700 1 0.990476
223750 1 0.990857
223800 1 0.992381
223850 1 0.992762
223900 1 0.992762
223950 1 0.992191
224000 1 0.991619
224050 1 0.991619
224100 1 0.991429
224150 1 0.99181
224200 1 0.990857
224250 1 0.990857
224300 1 0.990857
224350 1 0.991619
224400 1 0.991429
224450 1 0.991429
224500 1 0.991429
224550 1 0.991238
224600 1 0.991238
224650 1 0.991238
224700 1 0.991429
224750 1 0.991429
224800 1 0.992
224850 1 0.992
224900 1 0.992191
224950 1 0.992191
225000 1 0.99181
225050 1 0.992191
225100 1 0.992762
225150 1 0.992
225200 1 0.992
225250 1 0.992
225300 1 0.992191
225350 1 0.992191
225400 1 0.992571
225450 1 0.992571
225500 1 0.991429
225550 1 0.990857
225600 1 0.991048
225650 1 0.992381
225700 1 0.99181
225750 1 0.992571
225800 1 0.992191
225850 1 0.991429
225900 1 0.991238
225950 1 0.990667
226000 1 0.991238
226050 1 0.992381
226100 1 0.99181
226150 1 0.991048
226200 1 0.991238
226250 1 0.991238
226300 1 0.991048
226350 1 0.991048
226400 1 0.991238
226450 1 0.991238
226500 1 0.991238
226550 1 0.991238
226600 1 0.992
226650 1 0.991619
226700 1 0.99181
226750 1 0.992
226800 1 0.992
226850 1 0.99181
226900 1 0.992191
226950 1 0.992
227000 1 0.992
227050 1 0.992191
227100 1 0.992571
227150 1 0.992381
227200 1 0.992952
227250 1 0.992381
227300 1 0.992381
227350 1 0.992381
227400 1 0.992191
227450 1 0.991619
227500 1 0.991619
227550 1 0.992
227600 1 0.991619
227650 1 0.992381
227700 1 0.992191
227750 1 0.991238
227800 1 0.992952
227850 1 0.992952
227900 1 0.992952
227950 1 0.992952
228000 1 0.992952
228050 1 0.992952
228100 1 0.992762
228150 1 0.992762
228200 1 0.992762
228250 1 0.992952
228300 1 0.993143
228350 1 0.992
228400 1 0.992191
228450 1 0.992571
228500 1 0.992571
228550 1 0.992571
228600 1 0.992571
228650 1 0.992571
228700 1 0.992571
228750 1 0.992952
228800 1 0.993143
228850 1 0.993143
228900 1 0.993143
228950 1 0.993143
229000 1 0.993143
229050 1 0.992191
229100 1 0.992191
229150 1 0.992191
229200 1 0.992
229250 1 0.992191
229300 1 0.992191
229350 1 0.992381
229400 1 0.992381
229450 1 0.992381
229500 1 0.992381
229550 1 0.992381
229600 1 0.992191
229650 1 0.992
229700 1 0.992
229750 1 0.992
229800 1 0.992571
229850 1 0.992
229900 1 0.992
229950 1 0.992381
230000 1 0.990667
230050 1 0.991429
230100 1 0.991429
230150 1 0.99181
230200 1 0.992191
230250 1 0.99181
230300 1 0.99181
230350 1 0.991619
230400 1 0.992381
230450 1 0.992191
230500 1 0.991619
230550 1 0.991619
230600 1 0.991619
230650 1 0.991619
230700 1 0.992191
230750 1 0.992
230800 1 0.992
230850 1 0.992
230900 1 0.992
230950 1 0.99181
231000 1 0.99181
231050 1 0.992
231100 1 0.991429
231150 1 0.990857
231200 1 0.990667
231250 1 0.989905
231300 1 0.992191
231350 1 0.99181
231400 1 0.992381
231450 1 0.992381
231500 1 0.992571
231550 1 0.992762
231600 1 0.992571
231650 1 0.993143
231700 1 0.992762
231750 1 0.992571
231800 1 0.993143
231850 1 0.993143
231900 1 0.993143
231950 1 0.993143
232000 1 0.992952
232050 1 0.992952
232100 1 0.992762
232150 1 0.992762
232200 1 0.992762
232250 1 0.992762
232300 1 0.992762
232350 1 0.992762
232400 1 0.992762
232450 1 0.992762
232500 1 0.993143
232550 1 0.993143
232600 1 0.993143
232650 1 0.992762
232700 1 0.992762
232750 1 0.992952
232800 1 0.992952
232850 1 0.992952
232900 1 0.991238
232950 1 0.991429
233000 1 0.992191
233050 1 0.992571
233100 1 0.992762
233150 1 0.992571
