
0 0.05 0.0899286
50 0.78 0.719714
100 0.86 0.856429
150 0.89 0.904429
200 0.9 0.896286
250 0.86 0.918786
300 0.93 0.926143
350 0.94 0.935143
400 0.94 0.939143
450 0.96 0.943
500 0.95 0.945429
550 0.98 0.946857
600 0.95 0.952286
650 0.97 0.953643
700 0.98 0.954071
750 0.98 0.953643
800 0.94 0.955071
850 0.99 0.955929
900 0.94 0.958429
950 0.95 0.959786
1000 0.96 0.959286
1050 0.98 0.962571
1100 0.98 0.962929
1150 0.97 0.964929
1200 0.96 0.961643
1250 0.95 0.964357
1300 0.96 0.965143
1350 0.96 0.964786
1400 0.99 0.966429
1450 0.98 0.965929
1500 0.99 0.964643
1550 1 0.968571
1600 0.97 0.967857
1650 1 0.967214
1700 0.99 0.968429
1750 0.97 0.968286
1800 0.99 0.97
1850 0.98 0.9695
1900 0.99 0.969857
1950 0.98 0.969571
2000 0.97 0.971
2050 0.99 0.969214
2100 0.98 0.971143
2150 1 0.9705
2200 0.98 0.972857
2250 0.98 0.970143
2300 0.99 0.971357
2350 0.99 0.971429
2400 0.96 0.970714
2450 0.96 0.972786
2500 0.98 0.972357
2550 1 0.972429
2600 1 0.973714
2650 0.98 0.972857
2700 0.99 0.971929
2750 1 0.974857

0 0.08 0.095
50 0.74 0.721643
100 0.89 0.854357
150 0.87 0.8835
200 0.88 0.914071
250 0.94 0.926714
300 0.9 0.924071
350 0.94 0.937357
400 0.96 0.941714
450 0.98 0.9425
500 0.98 0.943571
550 0.94 0.948786
600 0.97 0.955357
650 0.96 0.955286
700 0.99 0.957143
750 0.95 0.955357
800 0.94 0.956286
850 0.96 0.955929
900 0.96 0.960357
950 0.95 0.960929
1000 0.94 0.961571
1050 0.95 0.964214
1100 0.94 0.964357
1150 0.97 0.963286
1200 0.98 0.961
1250 0.96 0.966143
1300 0.98 0.968071
1350 0.96 0.966786
1400 0.99 0.969071
1450 1 0.968071
1500 0.98 0.969643
1550 0.98 0.968857
1600 0.98 0.968571
1650 0.97 0.968714
1700 0.97 0.968071
1750 0.99 0.966786
1800 0.97 0.970357
1850 0.98 0.971071
1900 0.95 0.971714
1950 0.99 0.9715
2000 0.98 0.967714
2050 0.98 0.974429
2100 0.98 0.971857
2150 0.99 0.971571
2200 0.98 0.973929
2250 0.98 0.972143
2300 0.97 0.974857
2350 0.99 0.975143
2400 0.95 0.973643
2450 0.98 0.974571
2500 1 0.976429
2550 0.97 0.975
2600 1 0.973571
2650 0.98 0.975786
2700 1 0.975929
2750 1 0.975214
2800 1 0.976643
2850 0.99 0.976429
2900 1 0.978214
2950 0.99 0.9775
3000 1 0.977143
3050 0.99 0.977929
3100 0.99 0.977357
3150 0.98 0.976571
3200 1 0.977357
3250 0.97 0.978929
3300 0.97 0.976
3350 0.99 0.977143
3400 0.99 0.978929
3450 0.99 0.977143
3500 1 0.978286
3550 1 0.979929
3600 1 0.9795
3650 1 0.978786
3700 0.98 0.979
3750 1 0.979071
3800 0.99 0.978857
3850 0.98 0.9785
3900 0.99 0.979429
3950 1 0.979
4000 0.99 0.9785
4050 1 0.980143
4100 0.99 0.979214
4150 0.99 0.979286
4200 1 0.980214
4250 0.99 0.978929
4300 1 0.979357
4350 0.97 0.9785
4400 1 0.979
4450 1 0.979071
4500 1 0.981071
4550 0.99 0.980286
4600 1 0.979857
4650 1 0.979786
4700 1 0.980714
4750 1 0.979286
4800 0.99 0.980714
4850 1 0.980214
4900 1 0.978786
4950 1 0.979071
5000 0.99 0.980071
5050 0.99 0.9795
5100 1 0.980929
5150 1 0.9805
5200 1 0.9805
5250 0.98 0.981643
5300 1 0.981429
5350 0.99 0.980857
5400 1 0.981429
5450 0.99 0.981643
5500 0.99 0.980643
5550 1 0.982071
5600 1 0.981071
5650 1 0.983929
5700 1 0.983714
5750 1 0.981786
5800 0.99 0.981929
5850 1 0.982429
5900 1 0.981214
5950 1 0.9765
6000 0.99 0.978714
6050 0.99 0.981429
6100 1 0.982714
6150 0.99 0.9835
6200 0.98 0.982071
6250 1 0.983429
6300 1 0.983214
6350 0.97 0.982643
6400 1 0.983357
6450 1 0.984
6500 1 0.981286
6550 0.99 0.983857
6600 0.99 0.983643
6650 1 0.9845
6700 1 0.982929
6750 1 0.983
6800 1 0.9835
6850 1 0.983786
6900 1 0.982214
6950 1 0.982071
7000 1 0.984929
7050 0.99 0.983143
7100 1 0.984
7150 1 0.985214
7200 0.99 0.984214
7250 1 0.984071
7300 1 0.984786
7350 1 0.984857
7400 1 0.985357
7450 1 0.984429
7500 1 0.984643
7550 1 0.983143
7600 0.99 0.984357
7650 1 0.984786
7700 1 0.983786
7750 1 0.984929
7800 1 0.984286
7850 1 0.982929
7900 1 0.984786
7950 1 0.985
8000 1 0.9835
8050 1 0.985786
8100 1 0.983786
8150 0.99 0.985643
8200 1 0.984286
8250 0.99 0.985143
8300 0.99 0.983429
8350 0.99 0.984857
8400 1 0.984929
8450 1 0.983786
8500 1 0.9855
8550 1 0.983143
8600 1 0.984929
8650 1 0.984643
8700 1 0.985857
8750 1 0.9865
8800 1 0.984857
8850 1 0.9855
8900 1 0.984214
8950 1 0.984571
9000 1 0.985643
9050 1 0.985786
9100 1 0.985571
9150 1 0.983643
9200 0.99 0.985786
9250 1 0.985143
9300 1 0.984857
9350 1 0.984286
9400 1 0.984929
9450 0.99 0.986143
9500 1 0.983857
9550 1 0.985143
9600 1 0.985143
9650 1 0.986286
9700 1 0.986643
9750 1 0.987071
9800 1 0.986
9850 1 0.986143
9900 1 0.983071
9950 1 0.985643
10000 1 0.986071
10050 1 0.9845
10100 1 0.986071
10150 1 0.985714
10200 1 0.985286
10250 1 0.9865
10300 1 0.986
10350 1 0.986286
10400 1 0.986143
10450 1 0.985571
10500 1 0.986929
10550 0.99 0.985929
10600 1 0.987
10650 1 0.986714
10700 1 0.987357
10750 1 0.985929
10800 1 0.985429
10850 1 0.986857
10900 1 0.986071
10950 1 0.986143
11000 1 0.984786
11050 1 0.985214
11100 1 0.986071
11150 1 0.984643
11200 1 0.986286
11250 1 0.986071
11300 1 0.987643
11350 1 0.984357
11400 0.99 0.985929
11450 1 0.984714
11500 1 0.985929
11550 1 0.987714
11600 1 0.987143
11650 1 0.987429
11700 1 0.986143
11750 1 0.985714
11800 1 0.985071
11850 1 0.986
11900 1 0.985643
11950 0.99 0.987071
12000 1 0.986429
12050 1 0.988
12100 0.99 0.984643
12150 1 0.987214
12200 1 0.983571
12250 1 0.987429
12300 1 0.986571
12350 1 0.985857
12400 1 0.985571
12450 1 0.986357
12500 1 0.987071
12550 1 0.9875
12600 1 0.9865
12650 1 0.9865
12700 1 0.986286
12750 1 0.986071
12800 1 0.985857
12850 1 0.985286
12900 1 0.985
12950 1 0.984786
13000 1 0.986643
13050 1 0.9865
13100 1 0.983214
13150 1 0.987643
13200 1 0.986571
13250 1 0.987214
13300 1 0.987071
13350 1 0.983857
13400 1 0.985286
13450 1 0.987
13500 1 0.987
13550 1 0.986714
13600 1 0.986429
13650 1 0.984714
13700 1 0.986286
13750 1 0.986857
13800 1 0.987286
13850 1 0.984714
13900 1 0.984571
13950 1 0.988143
14000 1 0.985143
14050 1 0.987071
14100 1 0.984214
14150 1 0.987286
14200 1 0.986929
14250 1 0.987714
14300 1 0.987
14350 1 0.986286
14400 1 0.986643
14450 1 0.987786
14500 1 0.987286
14550 1 0.987786
14600 1 0.986929
14650 1 0.985143
14700 1 0.987286
14750 1 0.987929
14800 1 0.988429
14850 1 0.988143
14900 1 0.987786
14950 1 0.988143
15000 1 0.9865
15050 1 0.987214
15100 1 0.987429
15150 1 0.986429
15200 1 0.987357
15250 1 0.988643
15300 1 0.984786
15350 0.99 0.984071
15400 1 0.9875
15450 1 0.985571
15500 1 0.987857
15550 1 0.987929
15600 1 0.987929
15650 1 0.987786
15700 1 0.988286
15750 1 0.987857
15800 1 0.988143
15850 1 0.987357
15900 1 0.988786
15950 1 0.987357
16000 1 0.987071
16050 1 0.985857
16100 0.99 0.986786
16150 1 0.987571
16200 1 0.985714
16250 1 0.986071
16300 1 0.987357
16350 1 0.987571
16400 1 0.987643
16450 1 0.988286
16500 1 0.987571
16550 1 0.986571
16600 1 0.988357
16650 1 0.987714
16700 1 0.987214
16750 1 0.988571
16800 1 0.986571
16850 1 0.987857
16900 0.99 0.986571
16950 1 0.9875
17000 1 0.987
17050 1 0.987786
17100 1 0.986571
17150 1 0.986429
17200 1 0.986643
17250 0.99 0.987429
17300 1 0.986929
17350 1 0.9875
17400 1 0.987714
17450 1 0.987571
17500 1 0.985857
17550 1 0.988
17600 1 0.987714
17650 1 0.987429
17700 1 0.988
17750 1 0.986286
17800 0.99 0.987
17850 1 0.987786
17900 1 0.987857
17950 1 0.988143
18000 1 0.987214
18050 1 0.986286
18100 1 0.988143
18150 1 0.988286
18200 1 0.987643
18250 1 0.986857
18300 1 0.987429
18350 1 0.987643
18400 1 0.986857
18450 1 0.988857
18500 1 0.985214
18550 1 0.988643
18600 1 0.987
18650 1 0.988929
18700 1 0.988214
18750 1 0.988143
18800 1 0.988071
18850 1 0.987357
18900 1 0.988286
18950 1 0.987071
19000 1 0.9885
19050 1 0.9885
19100 1 0.987571
19150 1 0.989286
19200 1 0.988071
19250 1 0.986357
19300 1 0.987571
19350 1 0.987214
19400 1 0.987429
19450 1 0.986571
19500 1 0.987071
19550 1 0.9875
19600 1 0.987929
19650 1 0.988357
19700 1 0.988714
19750 1 0.986571
19800 1 0.989714
19850 1 0.989
19900 1 0.988071
19950 1 0.985714
20000 1 0.987786
20050 1 0.988929
20100 1 0.983429
20150 1 0.987214
20200 1 0.9875
20250 1 0.985643
20300 1 0.986429
20350 1 0.989
20400 1 0.988071
20450 1 0.9885
20500 1 0.986857
20550 1 0.986857
20600 1 0.988357
20650 1 0.989357
20700 1 0.986929
20750 1 0.987357
20800 1 0.987714
20850 1 0.987643
20900 1 0.986357
20950 1 0.988143
21000 1 0.987286
21050 1 0.986214
21100 1 0.987857
21150 1 0.985214
21200 1 0.988071
21250 1 0.988071
21300 1 0.987929
21350 1 0.987571
21400 1 0.988429
21450 1 0.986714
21500 1 0.988857
21550 1 0.987929
21600 1 0.989429
21650 1 0.989071
21700 1 0.988357
21750 1 0.988214
21800 1 0.9895
21850 1 0.988143
21900 1 0.985714
21950 1 0.988714
22000 1 0.988143
22050 1 0.989143
22100 1 0.988071
22150 1 0.988714
22200 1 0.988786
22250 1 0.987929
22300 1 0.988929
22350 1 0.988143
22400 1 0.988857
22450 1 0.988571
22500 1 0.989143
22550 1 0.988929
22600 1 0.989
22650 1 0.987714
22700 1 0.988
22750 1 0.9895
22800 1 0.988786
22850 1 0.988214
22900 1 0.989
22950 1 0.986643
23000 1 0.987571
23050 1 0.987857
23100 1 0.987071
23150 1 0.989571
23200 1 0.988857
23250 1 0.989
23300 1 0.984714
23350 1 0.987643
23400 1 0.988214
23450 1 0.9865
23500 1 0.988071
23550 1 0.987786
23600 1 0.988429
23650 1 0.987857
23700 1 0.9885
23750 1 0.987714
23800 1 0.988214
23850 1 0.986
23900 1 0.988643
23950 1 0.9875
24000 1 0.988
24050 1 0.989071
24100 1 0.988143
24150 1 0.989214
24200 1 0.988143
24250 1 0.989143
24300 1 0.989714
24350 1 0.988286
24400 1 0.989786
24450 1 0.988714
24500 1 0.987571
24550 1 0.988
24600 1 0.988643
24650 1 0.988571
24700 1 0.989571
24750 1 0.989143
24800 1 0.988929
24850 1 0.989214
24900 1 0.989143
24950 1 0.988643
25000 1 0.987643
25050 1 0.988857
25100 1 0.988786
25150 1 0.986
25200 1 0.988786
25250 1 0.987
25300 1 0.987286
25350 1 0.986857
25400 1 0.987071
25450 1 0.986857
25500 1 0.987714
25550 1 0.989
25600 1 0.988429
25650 1 0.987429
25700 1 0.987357
25750 1 0.988286
25800 1 0.988786
25850 1 0.988857
25900 1 0.989643
25950 1 0.989714
26000 1 0.989786
26050 1 0.988357
26100 1 0.989572
26150 1 0.988357
26200 1 0.988571
26250 1 0.988929
26300 1 0.989643
26350 1 0.988357
26400 1 0.9895
26450 1 0.988786
26500 1 0.9885
26550 1 0.987714
26600 1 0.988643
26650 1 0.988286
26700 1 0.989643
26750 1 0.989714
26800 1 0.9885
26850 1 0.989286
26900 1 0.988286
26950 1 0.988429
27000 1 0.989643
27050 1 0.987357
27100 1 0.987429
27150 1 0.988643
27200 1 0.987429
27250 1 0.988429
27300 1 0.988143
27350 1 0.987214
27400 1 0.985786
27450 1 0.989429
27500 1 0.988214
27550 1 0.989143
27600 1 0.989357
27650 1 0.989
27700 1 0.989714
27750 1 0.988
27800 1 0.987357
27850 1 0.988929
27900 1 0.988857
27950 1 0.989286
28000 1 0.987929
28050 1 0.989429
28100 1 0.988786
28150 1 0.989429
28200 1 0.99
28250 1 0.99
28300 1 0.988714
28350 1 0.989429
28400 1 0.988929
28450 1 0.985214
28500 1 0.989714
28550 1 0.988643
28600 1 0.989071
28650 1 0.989143
28700 1 0.985
28750 1 0.989214
28800 1 0.987643
28850 1 0.989429
28900 1 0.989429
28950 1 0.989357
29000 1 0.988786
29050 1 0.989286
29100 1 0.988
29150 1 0.9885
29200 1 0.989286
29250 1 0.988857
29300 1 0.989786
29350 1 0.989357
29400 1 0.989643
29450 1 0.9885
29500 1 0.988929
29550 1 0.99
29600 1 0.988286
29650 1 0.989571
29700 1 0.988
29750 1 0.989143
29800 1 0.988571
29850 1 0.989643
29900 1 0.989357
29950 1 0.989714
30000 1 0.988
30050 1 0.988571
30100 1 0.989
30150 1 0.989786
30200 1 0.989286
30250 1 0.988429
30300 1 0.9885
30350 1 0.989643
30400 1 0.989929
30450 1 0.990214
30500 1 0.990429
30550 1 0.989571
30600 1 0.988571
30650 1 0.988714
30700 1 0.989357
30750 1 0.989143
30800 1 0.989
30850 1 0.989214
30900 1 0.988286
30950 1 0.988786
31000 1 0.989571
31050 1 0.989286
31100 1 0.988214
31150 1 0.989429
31200 1 0.987357
31250 1 0.989429
31300 1 0.989143
31350 1 0.989571
31400 1 0.989571
31450 1 0.988429
31500 1 0.987643
31550 1 0.986643
31600 0.99 0.984786
31650 0.99 0.9865
31700 1 0.988571
31750 1 0.988357
31800 1 0.987143
31850 1 0.987857
31900 1 0.988786
31950 1 0.989
32000 1 0.990071
32050 1 0.9885
32100 1 0.9885
32150 1 0.989571
32200 1 0.988286
32250 1 0.989929
32300 1 0.988286
32350 1 0.988786
32400 1 0.989357
32450 1 0.988571
32500 1 0.989786
32550 1 0.989357
32600 1 0.989286
32650 1 0.986929
32700 1 0.988929
32750 1 0.988714
32800 1 0.988214
32850 1 0.989571
32900 1 0.987929
32950 1 0.988929
33000 1 0.9885
33050 1 0.988929
33100 1 0.988857
33150 1 0.989357
33200 1 0.986143
33250 1 0.986357
33300 0.99 0.988786
33350 1 0.988286
33400 1 0.988
33450 1 0.987
33500 1 0.989643
33550 1 0.989214
33600 1 0.989286
33650 1 0.989714
33700 1 0.988786
33750 1 0.989714
33800 1 0.988857
33850 1 0.9885
33900 1 0.988929
33950 1 0.987143
34000 1 0.988429
34050 1 0.989429
34100 1 0.988929
34150 1 0.986286
34200 1 0.990143
34250 1 0.988643
34300 1 0.989571
34350 1 0.987714
34400 1 0.987357
34450 1 0.9875
34500 1 0.988071
34550 1 0.986214
34600 1 0.988643
34650 1 0.989143
34700 1 0.988571
34750 1 0.989143
34800 1 0.989214
34850 1 0.989714
34900 1 0.99
34950 1 0.989143
35000 1 0.988571
35050 1 0.989286
35100 1 0.987071
35150 1 0.989857
35200 1 0.99
35250 1 0.989143
35300 1 0.988429
35350 1 0.990286
35400 1 0.989214
35450 1 0.989214
35500 1 0.9895
35550 1 0.989429
35600 1 0.989571
35650 1 0.988429
35700 1 0.989571
35750 1 0.989071
35800 1 0.988929
35850 1 0.988429
35900 1 0.988429
35950 1 0.988571
36000 1 0.988857
36050 1 0.989357
36100 1 0.985857
36150 1 0.986214
36200 1 0.988429
36250 1 0.988857
36300 1 0.988
36350 1 0.988643
36400 1 0.988214
36450 1 0.988429
36500 1 0.987714
36550 1 0.9875
36600 1 0.989214
36650 1 0.988929
36700 1 0.989571
36750 1 0.987286
36800 1 0.988929
36850 1 0.989357

0 0.08 0.105524

0 0.14 0.101143
50 0.64 0.657333
100 0.86 0.775048
150 0.84 0.829524
200 0.9 0.877333
250 0.92 0.878095
300 0.92 0.865714
350 0.96 0.898095
400 0.88 0.914667
450 0.86 0.905905

0 0.106667 0.128
50 0.8 0.796952
100 0.853333 0.894476
150 0.86 0.90419
200 0.92 0.930857
250 0.946667 0.940381
300 0.94 0.940952
350 0.953333 0.944762
400 0.933333 0.953905
450 0.973333 0.952381

0 0.0866667 0.0988571
50 0.793333 0.751809
100 0.86 0.844571
150 0.873333 0.890857
200 0.913333 0.897714
250 0.953333 0.917524

0 0.1 0.0862857
50 0.826667 0.784381
100 0.88 0.86
150 0.9 0.898095
200 0.94 0.91981
250 0.933333 0.925143
300 0.973333 0.929714
350 0.926667 0.939048
400 0.96 0.938476
450 0.893333 0.942286
500 0.953333 0.947619
550 0.92 0.954667
600 0.966667 0.953333
650 0.94 0.955619
700 0.953333 0.956952
750 0.973333 0.957524
800 0.98 0.957905
850 0.966667 0.959238
900 0.96 0.961905
950 0.98 0.960952
1000 0.973333 0.962095
1050 0.973333 0.96381
1100 0.986667 0.965143
1150 0.96 0.96781
1200 0.986667 0.966667
1250 0.96 0.965333
1300 0.986667 0.968
1350 0.993333 0.968952
1400 0.966667 0.968952
1450 0.98 0.969524
1500 0.98 0.970476
1550 0.986667 0.972571
1600 1 0.971048
1650 1 0.971048
1700 0.98 0.971238
1750 0.966667 0.970857
1800 0.98 0.972
1850 0.986667 0.971238
1900 0.986667 0.972952
1950 1 0.973143
2000 0.96 0.972571
2050 0.98 0.973905
2100 0.973333 0.974857
2150 0.973333 0.975238
2200 0.993333 0.976762
2250 0.993333 0.975429
2300 0.973333 0.975429
2350 0.993333 0.975619
2400 0.986667 0.975238
2450 1 0.974857
2500 0.993333 0.97581
2550 0.98 0.976191
2600 0.98 0.975048
2650 0.993333 0.972381
2700 0.953333 0.977524
2750 0.986667 0.976571
2800 0.993333 0.977524
2850 1 0.978476
2900 0.993333 0.976952
2950 0.986667 0.976191
3000 0.993333 0.976191
3050 0.993333 0.978667
3100 0.986667 0.975429
3150 1 0.976952
3200 0.993333 0.977524
3250 0.993333 0.979048
3300 0.993333 0.979429
3350 0.96 0.977143
3400 0.98 0.98
3450 0.993333 0.98
3500 1 0.978286
3550 0.993333 0.980952
3600 0.986667 0.980762
3650 0.986667 0.980571
3700 1 0.978667
3750 0.986667 0.981143
3800 1 0.980381
3850 0.98 0.980952
3900 0.986667 0.980952
3950 0.993333 0.978286
4000 1 0.980571
4050 0.986667 0.982286
4100 0.993333 0.980952
4150 1 0.977905
4200 1 0.979429
4250 1 0.980762
4300 1 0.980762
4350 0.98 0.980191
4400 0.986667 0.981524
4450 0.986667 0.981714
4500 0.993333 0.984
4550 1 0.981524
4600 0.993333 0.981905
4650 0.993333 0.981143
4700 0.993333 0.982857
4750 0.993333 0.984381
4800 0.993333 0.98381
4850 1 0.981143
4900 1 0.982095
4950 1 0.983238
5000 0.993333 0.981333
5050 1 0.983619
5100 1 0.981714
5150 0.986667 0.98381
5200 0.993333 0.982476
5250 1 0.981333
5300 0.986667 0.984762
5350 0.993333 0.984
5400 1 0.98381
5450 0.986667 0.981524
5500 1 0.982476
5550 0.993333 0.984952
5600 0.986667 0.983048
5650 1 0.981524
5700 0.993333 0.982286
5750 1 0.982857
5800 1 0.984191
5850 0.986667 0.983619
5900 1 0.984
5950 0.993333 0.984
6000 0.986667 0.982095
6050 1 0.982286
6100 0.993333 0.981143
6150 1 0.983429
6200 1 0.984381
6250 1 0.985524
6300 0.993333 0.984381
6350 1 0.984
6400 1 0.984191
6450 1 0.983619
6500 1 0.985714
6550 0.986667 0.985714
6600 0.993333 0.983429
6650 1 0.982667
6700 1 0.98381
6750 1 0.982286
6800 1 0.985143
6850 0.986667 0.982095
6900 1 0.986286
6950 0.993333 0.983619
7000 1 0.98381
7050 1 0.984762
7100 1 0.985524
7150 1 0.984952
7200 1 0.983238
7250 1 0.984952
7300 1 0.986095
7350 1 0.986476
7400 0.993333 0.984191
7450 0.993333 0.984191
7500 1 0.986095
7550 0.993333 0.986286
7600 0.986667 0.986857
7650 1 0.984381
7700 0.993333 0.986286
7750 1 0.984191
7800 1 0.985333
7850 1 0.986857
7900 1 0.986286
7950 0.993333 0.985905
8000 1 0.986095
8050 1 0.985905
8100 1 0.985333
8150 1 0.986857
8200 1 0.985524
8250 1 0.986095
8300 0.993333 0.985524
8350 0.993333 0.986667
8400 0.993333 0.986286
8450 1 0.984571
8500 1 0.985524
8550 1 0.984571
8600 1 0.984191
8650 1 0.985524
8700 1 0.986095
8750 1 0.985905
8800 1 0.984762
8850 1 0.985905
8900 1 0.986286
8950 1 0.986286
9000 1 0.985333
9050 1 0.986857
9100 1 0.987619
9150 1 0.985143
9200 0.993333 0.985905
9250 1 0.988571
9300 1 0.988381
9350 1 0.987429
9400 1 0.988
9450 1 0.985714
9500 1 0.987238
9550 0.986667 0.986667
9600 1 0.986095
9650 1 0.986095
9700 1 0.987619
9750 1 0.984571
9800 0.993333 0.984571
9850 1 0.986476
9900 1 0.986667
9950 1 0.986476
10000 0.993333 0.986095
10050 1 0.984191
10100 0.993333 0.985143
10150 0.993333 0.986286
10200 1 0.988762
10250 1 0.985143
10300 1 0.988
10350 1 0.98781
10400 1 0.988
10450 1 0.986857
10500 1 0.986476
10550 1 0.987048
10600 1 0.986857
10650 1 0.986857
10700 1 0.988
10750 0.993333 0.988
10800 1 0.986857
10850 1 0.988191
10900 1 0.988191
10950 1 0.990095
11000 1 0.989143
11050 1 0.987619
11100 1 0.988571
11150 1 0.987619
11200 1 0.985714
11250 1 0.98781
11300 1 0.987238
11350 1 0.986667
11400 1 0.986857
11450 1 0.988191
11500 0.993333 0.985905
11550 1 0.985714
11600 1 0.988381
11650 1 0.98781
11700 1 0.987238
11750 1 0.986286
11800 1 0.987238
11850 1 0.987619
11900 1 0.987238
11950 1 0.988571
12000 0.993333 0.986667
12050 1 0.98781
12100 1 0.988191
12150 1 0.98781
12200 1 0.986095
12250 1 0.989333
12300 0.993333 0.985333
12350 1 0.98781
12400 1 0.988381
12450 1 0.988571
12500 1 0.986095
12550 1 0.989143
12600 1 0.989905
12650 1 0.988191
12700 1 0.989143
12750 1 0.988
12800 1 0.988762
12850 1 0.985143
12900 1 0.988762
12950 1 0.990286
13000 1 0.987619
13050 1 0.988571
13100 1 0.990857
13150 1 0.989333
13200 1 0.988191
13250 1 0.989714
13300 1 0.988952
13350 1 0.989714
13400 1 0.988952
13450 1 0.988
13500 1 0.987619
13550 1 0.988191
13600 1 0.988
13650 1 0.989714
13700 1 0.987619
13750 0.993333 0.988571
13800 1 0.989143
13850 1 0.987429
13900 1 0.986095
13950 1 0.989905
14000 1 0.988571
14050 1 0.987429
14100 0.993333 0.987238
14150 1 0.986476
14200 1 0.989143
14250 1 0.988191
14300 1 0.988952
14350 1 0.988762
14400 1 0.988762
14450 1 0.987429
14500 1 0.987238
14550 1 0.988191
14600 1 0.987619
14650 1 0.98781
14700 1 0.985143
14750 1 0.989143
14800 1 0.989524
14850 1 0.986286
14900 1 0.986667
14950 1 0.989714
15000 1 0.988571
15050 1 0.989143
15100 1 0.987619
15150 1 0.989714
15200 1 0.988
15250 1 0.988381
15300 1 0.98781
15350 1 0.988191
15400 1 0.987619
15450 1 0.98781
15500 1 0.986095
15550 0.993333 0.987048
15600 1 0.986667
15650 1 0.988762
15700 1 0.987429
15750 1 0.988762
15800 1 0.988191
15850 1 0.989143
15900 1 0.990286
15950 1 0.988952
16000 1 0.988
16050 1 0.987238
16100 1 0.988
16150 1 0.988952
16200 1 0.990476
16250 1 0.988381
16300 1 0.988
16350 1 0.988952
16400 1 0.989905
16450 1 0.988571
16500 1 0.989143
16550 1 0.989714
16600 1 0.989524
16650 1 0.985905
16700 1 0.991048
16750 1 0.989524
16800 1 0.988
16850 1 0.989524
16900 1 0.988952
16950 1 0.988762
17000 1 0.988952
17050 1 0.988571
17100 1 0.989333
17150 1 0.989143
17200 1 0.989905
17250 1 0.987619
17300 1 0.986667
17350 0.993333 0.987619
17400 1 0.988381
17450 1 0.988
17500 1 0.990476
17550 1 0.989143
17600 1 0.989524
17650 1 0.990095
17700 1 0.989524
17750 0.993333 0.990286
17800 1 0.989143
17850 1 0.991048
17900 1 0.990667
17950 1 0.989905
18000 1 0.988762
18050 1 0.990095
18100 1 0.989524
18150 1 0.987238
18200 1 0.987429
18250 1 0.988
18300 1 0.987619
18350 1 0.98781
18400 1 0.988191
18450 1 0.988762
18500 1 0.988191
18550 1 0.990286
18600 1 0.989333
18650 1 0.988191
18700 1 0.989714
18750 1 0.988571
18800 1 0.989143
18850 1 0.989143
18900 1 0.988952
18950 1 0.989143
19000 1 0.990095
19050 1 0.989714
19100 1 0.990095
19150 1 0.987048
19200 1 0.985143
19250 1 0.989143
19300 1 0.989714
19350 1 0.988952
19400 1 0.98781
19450 1 0.988571
19500 1 0.989524
19550 1 0.987619
19600 1 0.989905
19650 1 0.98781
19700 1 0.988381
19750 1 0.988381
19800 1 0.988762
19850 1 0.990286
19900 1 0.988191
19950 0.993333 0.986667
20000 1 0.984952
20050 1 0.989714
20100 1 0.987619
20150 1 0.987619
20200 1 0.989524
20250 1 0.989714
20300 1 0.98781
20350 1 0.989905
20400 1 0.988571
20450 1 0.989143
20500 1 0.987429
20550 1 0.988762
20600 1 0.989714
20650 1 0.988952
20700 1 0.988191
20750 1 0.988571
20800 0.993333 0.987238
20850 1 0.989333
20900 1 0.989143
20950 1 0.989524
21000 1 0.990095
21050 1 0.989905
21100 1 0.988381
21150 1 0.990095
21200 1 0.987429
21250 1 0.988952
21300 1 0.989333
21350 1 0.989714
21400 1 0.988952
21450 1 0.990667
21500 1 0.989714
21550 1 0.991238
21600 1 0.988381
21650 1 0.988381
21700 1 0.989333
21750 1 0.990286
21800 1 0.990286
21850 1 0.989524
21900 1 0.990286
21950 1 0.988952
22000 1 0.988571
22050 1 0.989524
22100 1 0.988381
22150 1 0.991048
22200 1 0.990667
22250 1 0.990476
22300 1 0.990476
22350 1 0.989143
22400 1 0.989714
22450 1 0.989333
22500 1 0.989333
22550 1 0.987619
22600 1 0.988381
22650 1 0.989524
22700 1 0.985524
22750 1 0.988571
22800 1 0.988571
22850 1 0.98781
22900 1 0.989524
22950 1 0.989714
23000 1 0.990095
23050 1 0.988381
23100 1 0.988762
23150 1 0.989905
23200 1 0.988952
23250 1 0.991048
23300 1 0.989524
23350 1 0.988381
23400 1 0.990095
23450 1 0.988762
23500 1 0.988
23550 1 0.987048
23600 1 0.988
23650 1 0.98381
23700 1 0.988762
23750 0.993333 0.988
23800 1 0.988762
23850 1 0.989524
23900 1 0.98781
23950 1 0.987619
24000 1 0.985714
24050 1 0.987619
24100 1 0.989143
24150 1 0.988191
24200 1 0.989143
24250 1 0.987238
24300 1 0.988381
24350 1 0.988952
24400 1 0.988381
24450 1 0.989905
24500 1 0.989524
24550 1 0.98781
24600 1 0.988762
24650 1 0.989714
24700 1 0.990667
24750 1 0.98781
24800 1 0.988191
24850 1 0.989143
24900 1 0.990095
24950 1 0.989714
25000 1 0.988381
25050 1 0.989333
25100 1 0.989333
25150 1 0.989333
25200 1 0.988762
25250 1 0.988952
25300 1 0.989524
25350 1 0.989714
25400 1 0.988952
25450 1 0.989143
25500 1 0.990286
25550 1 0.989714
25600 1 0.989714
25650 0.993333 0.989333
25700 1 0.990667
25750 1 0.990095
25800 1 0.990667
25850 1 0.990095
25900 1 0.988571
25950 1 0.989143
26000 1 0.990286
26050 1 0.990286
26100 1 0.989143
26150 1 0.989524
26200 1 0.990095
26250 1 0.990286
26300 1 0.989905
26350 1 0.989714
26400 1 0.990667
26450 1 0.990857
26500 1 0.990857
26550 1 0.988381
26600 1 0.988762
26650 1 0.989524
26700 1 0.990286
26750 1 0.989524
26800 1 0.990286
26850 1 0.990476
26900 1 0.989143
26950 1 0.988952
27000 1 0.990286
27050 1 0.991619
27100 1 0.988952
27150 1 0.988571
27200 1 0.990476
27250 1 0.988952
27300 1 0.990476
27350 1 0.989714
27400 1 0.989524
27450 1 0.988381
27500 1 0.989333
27550 1 0.988952
27600 1 0.988952
27650 0.993333 0.986857
27700 1 0.989524
27750 1 0.990476
27800 1 0.988762
27850 1 0.989714
27900 1 0.988952
27950 1 0.990667
28000 1 0.989905
28050 0.993333 0.989143
28100 1 0.988191
28150 1 0.985143
28200 1 0.988762
28250 1 0.991048
28300 1 0.989143
28350 1 0.990095
28400 1 0.989905
28450 1 0.989524
28500 1 0.989333
28550 1 0.989905
28600 1 0.990667
28650 1 0.989524
28700 1 0.987429
28750 1 0.988762
28800 1 0.989905
28850 1 0.989905
28900 1 0.990476
28950 1 0.991238
29000 1 0.990667
29050 1 0.988762
29100 1 0.989143
29150 1 0.989714
29200 1 0.990286
29250 1 0.990476
29300 1 0.990095
29350 1 0.988762
29400 1 0.989524
29450 1 0.988952
29500 1 0.989714
29550 1 0.988381
29600 1 0.988762
29650 1 0.989714
29700 1 0.990476
29750 1 0.989143
29800 1 0.989714
29850 1 0.990476
29900 1 0.987048
29950 1 0.989333
30000 1 0.989333
30050 1 0.988762
30100 1 0.986857
30150 1 0.988952
30200 1 0.987238
30250 1 0.988762
30300 1 0.989524
30350 1 0.988381
30400 1 0.988952
30450 1 0.989333
30500 1 0.989905
30550 1 0.989714
30600 1 0.990095
30650 1 0.988191
30700 1 0.988762
30750 1 0.988762
30800 1 0.989524
30850 1 0.990286
30900 1 0.988952
30950 1 0.990286
31000 1 0.991429
31050 1 0.990667
31100 1 0.989524
31150 1 0.989905
31200 1 0.988762
31250 1 0.988191
31300 1 0.990476
31350 1 0.990667
31400 1 0.990095
31450 1 0.989905
31500 1 0.989524
31550 1 0.988952
31600 1 0.990286
31650 1 0.989524
31700 1 0.990286
31750 1 0.989524
31800 1 0.988952
31850 1 0.989143
31900 1 0.986667
31950 1 0.989714
32000 1 0.988381
32050 1 0.988952
32100 1 0.989143
32150 1 0.988191
32200 1 0.988571
32250 1 0.988762
32300 1 0.988381
32350 1 0.989143
32400 1 0.989143
32450 1 0.990667
32500 1 0.990095
32550 1 0.989714
32600 1 0.991048
32650 1 0.990857
32700 1 0.990095
32750 1 0.991238
32800 1 0.990095
32850 1 0.990667
32900 1 0.991048
32950 1 0.988
33000 1 0.988191
33050 1 0.989524
33100 1 0.989714
33150 1 0.990095
33200 1 0.990286
33250 1 0.989905
33300 1 0.990286
33350 1 0.990667
33400 1 0.990286
33450 1 0.989524
33500 1 0.991238
33550 1 0.989714
33600 1 0.988571
33650 1 0.988381
33700 1 0.989905
33750 1 0.989905
33800 1 0.989333
33850 1 0.989143
33900 1 0.988191
33950 1 0.989143
34000 1 0.987429
34050 1 0.989905
34100 1 0.988762
34150 1 0.988952
34200 1 0.990095
34250 1 0.988381
34300 1 0.988762
34350 1 0.988952
34400 1 0.988
34450 1 0.990095
34500 1 0.989905
34550 1 0.988762
34600 1 0.989333
34650 1 0.989524
34700 1 0.990095
34750 1 0.990286
34800 0.993333 0.989905
34850 1 0.990667
34900 1 0.990667
34950 1 0.988571
35000 1 0.990095
35050 1 0.988952
35100 1 0.989905
35150 1 0.989524
35200 1 0.989714
35250 1 0.989143
35300 1 0.988381
35350 1 0.990095
35400 1 0.990667
35450 1 0.990476
35500 1 0.988381
35550 1 0.990095
35600 1 0.98781
35650 1 0.989714
35700 1 0.990286
35750 1 0.989714
35800 1 0.988762
35850 1 0.988571
35900 1 0.989714
35950 1 0.990476
36000 1 0.989143
36050 1 0.991429
36100 1 0.990095
36150 1 0.990476
36200 1 0.990667
36250 1 0.986857
36300 0.993333 0.986857
36350 1 0.989714
36400 1 0.990095
36450 1 0.989143
36500 1 0.990286
36550 1 0.990667
36600 1 0.991048
36650 1 0.990476
36700 1 0.991429
36750 1 0.990286
36800 1 0.99181
36850 1 0.991238
36900 1 0.990476
36950 1 0.990667
37000 1 0.990286
37050 1 0.989905
37100 1 0.989333
37150 1 0.989143
37200 1 0.988952
37250 1 0.989333
37300 1 0.989714
37350 0.993333 0.986476
37400 1 0.989333
37450 1 0.989143
37500 1 0.988952
37550 1 0.989524
37600 1 0.989333
37650 1 0.990857
37700 1 0.989333
37750 1 0.989333
37800 1 0.990667
37850 1 0.989333
37900 1 0.989333
37950 1 0.989524
38000 1 0.990857
38050 1 0.990286
38100 1 0.990286
38150 1 0.988952
38200 1 0.989905
38250 1 0.988191
38300 1 0.990476
38350 1 0.989905
38400 1 0.989714
38450 1 0.989905
38500 1 0.988952
38550 1 0.989524
38600 1 0.988
38650 1 0.98781
38700 1 0.987429
38750 1 0.988381
38800 1 0.988952
38850 1 0.988571
38900 1 0.989524
38950 1 0.988762
39000 1 0.989143
39050 1 0.990476
39100 1 0.990095
39150 1 0.989905
39200 1 0.990476
39250 1 0.989524
39300 1 0.990857
39350 1 0.991619
39400 1 0.991238
39450 1 0.991048
39500 1 0.990857
39550 1 0.989524
39600 1 0.989905
39650 1 0.989524
39700 1 0.991429
39750 1 0.989714
39800 1 0.990095
39850 1 0.989714
39900 1 0.990095
39950 1 0.991048
40000 1 0.989524
40050 1 0.991619
40100 1 0.991619
40150 1 0.990095
40200 1 0.990476
40250 1 0.990286
40300 1 0.989524
40350 1 0.988952
40400 1 0.989714
40450 1 0.989905
40500 1 0.990476
40550 1 0.988
40600 1 0.988191
40650 1 0.989905
40700 1 0.990095
40750 1 0.989333
40800 1 0.989714
40850 1 0.990095
40900 1 0.989524
40950 1 0.989905
41000 1 0.990286
41050 0.993333 0.989714
41100 1 0.990286
41150 1 0.989905
41200 1 0.991429
41250 1 0.990667
41300 1 0.991429
41350 1 0.991048
41400 1 0.988571
41450 1 0.989905
41500 1 0.990095
41550 1 0.990286
41600 1 0.988952
41650 1 0.990286
41700 1 0.989333
41750 1 0.989524
41800 1 0.990476
41850 1 0.989524
41900 1 0.988762
41950 1 0.988191
42000 1 0.988571
42050 1 0.990857
42100 1 0.989524
42150 1 0.989333
42200 1 0.988
42250 1 0.989905
42300 1 0.990476
42350 1 0.991048
42400 1 0.991048
42450 1 0.990476
42500 1 0.990476
42550 1 0.989905
42600 1 0.990286
42650 1 0.987238
42700 1 0.990476
42750 1 0.989524
42800 1 0.990095
42850 1 0.987429
42900 1 0.988381
42950 1 0.989143
43000 1 0.986095
43050 0.993333 0.986857
43100 1 0.989143
43150 1 0.989333
43200 1 0.989524
43250 1 0.989333
43300 1 0.990857
43350 1 0.991048
43400 1 0.987238
43450 1 0.989524
43500 1 0.990476
43550 1 0.989333
43600 1 0.988191
43650 1 0.989333
43700 1 0.990095
43750 1 0.991048
43800 1 0.991048
43850 1 0.991048
43900 1 0.989333
43950 1 0.989333
44000 1 0.989143
44050 1 0.988
44100 1 0.989524
44150 1 0.988381
44200 1 0.988381
44250 1 0.988762
44300 1 0.990286
44350 1 0.989714
44400 1 0.990286
44450 1 0.990286
44500 1 0.989905
44550 1 0.989714
44600 1 0.988191
44650 1 0.990286
44700 1 0.988952
44750 1 0.989333
44800 1 0.989714
44850 1 0.990095
44900 1 0.990095
44950 1 0.990286
45000 1 0.991238
45050 1 0.990857
45100 1 0.991048
45150 1 0.989714
45200 1 0.989333
45250 1 0.990857
45300 1 0.990286
45350 1 0.990095
45400 1 0.990286
45450 1 0.988571
45500 1 0.988762
45550 1 0.989905
45600 1 0.990095
45650 1 0.990286
45700 1 0.989333
45750 1 0.98781
45800 1 0.990095
45850 1 0.988952
45900 1 0.990476
45950 1 0.988952
46000 1 0.98781
46050 0.993333 0.989143
46100 1 0.988762
46150 0.993333 0.988952
46200 1 0.988952
46250 1 0.990095
46300 1 0.989905
46350 1 0.989905
46400 1 0.989524
46450 1 0.988952
46500 1 0.989143
46550 1 0.988
46600 1 0.989905
46650 1 0.989143
46700 1 0.988952
46750 1 0.988762
46800 1 0.988
46850 1 0.989143
46900 1 0.989524
46950 1 0.989905
47000 1 0.989905
47050 1 0.988381
47100 1 0.989524
47150 1 0.990476
47200 1 0.989333
47250 1 0.988191
47300 1 0.989524
47350 1 0.989905
47400 1 0.989905
47450 1 0.989333
47500 1 0.990286
47550 1 0.990095
47600 1 0.989333
47650 1 0.990095
47700 1 0.989143
47750 1 0.989143
47800 1 0.989143
47850 1 0.991429
47900 1 0.990857
47950 1 0.988571
48000 1 0.989714
48050 1 0.988762
48100 1 0.990095
48150 1 0.988571
48200 1 0.988762
48250 1 0.990476
48300 1 0.991048
48350 1 0.988571
48400 1 0.989714
48450 1 0.990286
48500 1 0.990857
48550 1 0.987429
48600 1 0.989333
48650 1 0.988571
48700 1 0.989524
48750 1 0.990857
48800 1 0.987429
48850 1 0.989714
48900 1 0.989714
48950 1 0.989905
49000 1 0.989524
49050 1 0.989333
49100 1 0.989524
49150 1 0.990857
49200 1 0.988952
49250 1 0.989143
49300 1 0.987619
49350 1 0.989333
49400 1 0.989333
49450 1 0.987619
49500 1 0.988571
49550 1 0.988952
49600 1 0.989524
49650 1 0.991238
49700 1 0.987048
49750 1 0.988381
49800 1 0.989333
49850 1 0.989905
49900 1 0.987238
49950 1 0.988952

0 0.12 0.1
50 0.646667 0.727619
100 0.88 0.845905
150 0.873333 0.893333
